>CAMTA1 CAMTA1_CHS_CHS
0.12327 0.16938 0.54311 0.16423
0.07062 0.63304 0.21552 0.08082
0.67856 0.01773 0.20883 0.09488
0.10865 0.83102 0.01303 0.04730
0.00585 0.01965 0.00949 0.96501
0.01777 0.00009 0.98210 0.00004
0.00855 0.97088 0.01542 0.00515
0.24184 0.00620 0.73291 0.01904
0.01453 0.08030 0.82130 0.08387
0.18571 0.59544 0.09579 0.12307

>CAMTA1 CAMTA1_CHS_GHTS
0.11913 0.18296 0.59468 0.10323
0.04681 0.67468 0.19840 0.08011
0.63291 0.03540 0.23790 0.09379
0.11809 0.82292 0.01515 0.04384
0.00004 0.01063 0.00394 0.98540
0.00428 0.00009 0.99384 0.00179
0.00077 0.98986 0.00407 0.00530
0.19301 0.00683 0.80013 0.00004
0.02256 0.17181 0.74486 0.06076
0.21524 0.61316 0.08678 0.08483

>CAMTA1 CAMTA1_GHTS_CHS
0.05290 0.19177 0.30933 0.44600
0.07568 0.01690 0.62234 0.28508
0.00441 0.63556 0.33799 0.02204
0.70389 0.01616 0.05437 0.22557
0.31301 0.25716 0.16679 0.26304
0.00735 0.00514 0.05952 0.92799
0.00808 0.00294 0.98824 0.00073
0.00808 0.85378 0.00441 0.13373
0.24614 0.00367 0.73769 0.01249
0.03527 0.10434 0.58927 0.27112
0.15871 0.36370 0.21234 0.26525
0.38648 0.11168 0.29611 0.20573
0.17120 0.11389 0.43277 0.28215
0.18957 0.19398 0.22557 0.39089
0.10727 0.18442 0.46436 0.24394
0.18442 0.21822 0.36003 0.23733
0.18516 0.22116 0.29317 0.30051
0.09919 0.23733 0.40852 0.25496
0.20279 0.17487 0.45555 0.16679
0.11095 0.32990 0.29023 0.26892
0.23806 0.19324 0.38134 0.18736
0.18222 0.12564 0.34240 0.34974
0.17046 0.22851 0.41807 0.18295
0.16679 0.16826 0.36223 0.30272
0.15871 0.26525 0.40705 0.16899
0.18001 0.14034 0.27333 0.40632
0.15797 0.17267 0.46877 0.20059
0.16385 0.22630 0.32770 0.28215
0.22190 0.19985 0.34240 0.23586
0.16826 0.25202 0.31080 0.26892

>CAMTA1 CAMTA1_GHTS_GHTS
0.25991 0.24302 0.26211 0.23348
0.10059 0.43833 0.23862 0.22100
0.24743 0.28855 0.24376 0.21880
0.18209 0.36784 0.11968 0.32893
0.32526 0.24082 0.34508 0.08737
0.17768 0.48532 0.11821 0.21733
0.24670 0.32526 0.25991 0.16667
0.19236 0.36931 0.13950 0.29736
0.27019 0.39354 0.20999 0.12482
0.26505 0.25110 0.13142 0.35095
0.17841 0.25477 0.47430 0.09104
0.15786 0.64391 0.10206 0.09545
0.08884 0.40896 0.11380 0.38767
0.13142 0.05947 0.59912 0.20925
0.01468 0.84581 0.13142 0.00734
0.87812 0.01615 0.00220 0.10279
0.26505 0.33186 0.22540 0.17695
0.00587 0.08957 0.00514 0.89868
0.15859 0.00808 0.82599 0.00661
0.00294 0.97283 0.00367 0.01982
0.48899 0.07636 0.42731 0.00661
0.06461 0.24302 0.50073 0.19090
0.31204 0.35463 0.12849 0.20411
0.28414 0.29515 0.19016 0.22981
0.38179 0.10352 0.33554 0.17841
0.13656 0.42438 0.08737 0.35095
0.22981 0.32085 0.32452 0.12408
0.24376 0.37592 0.13142 0.24816
0.27900 0.29369 0.27093 0.15565
0.24523 0.32893 0.18869 0.23642

>LEUTX LEUTX_CHS_CHS
0.03881 0.00002 0.00002 0.96114
0.98432 0.00002 0.01563 0.00002
0.97143 0.00002 0.02657 0.00197
0.00002 0.00002 0.00783 0.99213
0.00002 0.87645 0.00132 0.12220
0.00002 0.85536 0.01720 0.12742
0.13811 0.65410 0.06467 0.14313
0.47622 0.21880 0.14758 0.15739
0.15502 0.17990 0.49018 0.17490
0.14743 0.51972 0.16881 0.16404
0.40468 0.23094 0.17272 0.19166
0.16989 0.48039 0.15707 0.19265

>LEUTX LEUTX_CHS_GHTS
0.07782 0.03351 0.76301 0.12566
0.10628 0.02043 0.87322 0.00006
0.12109 0.00349 0.87151 0.00391
0.97542 0.00991 0.00007 0.01460
0.00282 0.04421 0.00007 0.95290
0.00006 0.01005 0.01043 0.97946
0.98887 0.00007 0.00007 0.01100
0.21265 0.41893 0.15965 0.20877

>LEUTX LEUTX_GHTS_CHS
0.21715 0.02638 0.56384 0.19263
0.16110 0.00001 0.83887 0.00002
0.00775 0.00001 0.99222 0.00002
0.99996 0.00001 0.00001 0.00002
0.00002 0.00517 0.00001 0.99481
0.00002 0.00001 0.00001 0.99996
0.99996 0.00001 0.00001 0.00002
0.51865 0.15918 0.03393 0.28824
0.58031 0.19889 0.18093 0.03987
0.31219 0.05257 0.22173 0.41350
0.21147 0.08134 0.34769 0.35950
0.22868 0.23644 0.17229 0.36259
0.28824 0.18546 0.36961 0.15670
0.34258 0.14905 0.17065 0.33773

>LEUTX LEUTX_GHTS_GHTS
0.31604 0.38454 0.12926 0.17017
0.42811 0.25153 0.07391 0.24645
0.13474 0.18915 0.27059 0.40553
0.36532 0.05268 0.09269 0.48931
0.00002 0.00001 0.00001 0.99996
0.99996 0.00001 0.00001 0.00002
0.99996 0.00001 0.00001 0.00002
0.00002 0.00001 0.00001 0.99996
0.00002 0.99996 0.00001 0.00002
0.00002 0.92030 0.00001 0.07967
0.22683 0.52616 0.02429 0.22272
0.27410 0.28644 0.09697 0.34249
0.26514 0.14919 0.24517 0.34050
0.20058 0.35470 0.08182 0.36290
0.38820 0.11583 0.18331 0.31266

>MYF6 MYF6_CHS_CHS
0.23761 0.26565 0.31001 0.18673
0.22305 0.23700 0.34229 0.19765
0.21902 0.22161 0.37905 0.18032
0.23716 0.27742 0.30398 0.18144
0.28075 0.20712 0.39100 0.12113
0.28608 0.14777 0.45713 0.10902
0.27474 0.22394 0.27856 0.22275
0.45289 0.09062 0.42837 0.02813
0.47717 0.05575 0.45735 0.00974
0.00000 0.99973 0.00016 0.00011
0.97052 0.00000 0.02947 0.00000
0.01700 0.00335 0.97140 0.00825
0.03583 0.54065 0.40857 0.01494
0.02380 0.09087 0.01361 0.87172
0.00000 0.00000 0.99999 0.00000
0.06162 0.38421 0.29333 0.26084

>MYF6 MYF6_CHS_GHTS
0.53472 0.05267 0.40919 0.00342
0.58604 0.01558 0.39838 0.00000
0.00000 0.99999 0.00001 0.00000
0.99777 0.00001 0.00222 0.00000
0.01752 0.02864 0.94883 0.00501
0.02151 0.50896 0.45606 0.01347
0.00000 0.03233 0.00001 0.96766
0.00000 0.00001 0.99999 0.00000

>MYF6 MYF6_GHTS_CHS
0.00002 0.99995 0.00002 0.00002
0.99946 0.00002 0.00051 0.00002
0.11748 0.40968 0.46450 0.00834
0.00002 0.99995 0.00002 0.00002
0.00002 0.00051 0.00002 0.99946
0.00002 0.00002 0.99995 0.00002
0.00002 0.05141 0.00687 0.94170
0.00002 0.23691 0.00051 0.76257
0.21488 0.40038 0.22761 0.15713
0.14440 0.37640 0.12972 0.34948
0.13902 0.37346 0.20705 0.28047
0.19432 0.28243 0.23593 0.28732
0.19432 0.27851 0.27362 0.25355
0.21733 0.29613 0.27998 0.20656
0.17230 0.34067 0.28928 0.19775
0.18698 0.33969 0.25600 0.21733
0.21341 0.28879 0.25747 0.24033
0.19726 0.30494 0.28634 0.21146
0.18209 0.34850 0.22027 0.24914
0.19824 0.30739 0.27753 0.21684
0.17132 0.31179 0.25355 0.26334
0.16594 0.30935 0.29809 0.22663
0.17768 0.29173 0.26383 0.26676
0.17034 0.28879 0.31130 0.22956

>MYF6 MYF6_GHTS_GHTS
0.24000 0.26632 0.29509 0.19860
0.22386 0.27404 0.30351 0.19860
0.23088 0.27789 0.28947 0.20175
0.25649 0.29333 0.26702 0.18316
0.30070 0.25509 0.26737 0.17684
0.28737 0.22772 0.34351 0.14140
0.34316 0.13965 0.35895 0.15825
0.15263 0.23754 0.39158 0.21825
0.68561 0.06246 0.24737 0.00456
0.89088 0.01088 0.05649 0.04175
0.00105 0.99754 0.00105 0.00035
0.99825 0.00035 0.00070 0.00070
0.00421 0.09474 0.89614 0.00491
0.04982 0.42035 0.43298 0.09684
0.00140 0.00351 0.00070 0.99439
0.00316 0.00140 0.99474 0.00070
0.24982 0.19474 0.06596 0.48947
0.09123 0.43509 0.10982 0.36386
0.25614 0.33088 0.23965 0.17333
0.22316 0.39298 0.19614 0.18772
0.19404 0.34982 0.19649 0.25965
0.26000 0.24667 0.29965 0.19368
0.24526 0.32982 0.24246 0.18246
0.27404 0.25404 0.28807 0.18386
0.17649 0.32947 0.31368 0.18035
0.25789 0.25895 0.31930 0.16386
0.22035 0.30491 0.26386 0.21088
0.25368 0.27368 0.30842 0.16421
0.17404 0.36737 0.26070 0.19789
0.28667 0.23825 0.27158 0.20351

>PRDM13 PRDM13_CHS_CHS
0.35224 0.05336 0.40922 0.18518
0.11158 0.00856 0.87965 0.00021
0.00200 0.98379 0.01001 0.00421
0.50326 0.01896 0.16352 0.31426
0.00555 0.00190 0.98960 0.00295
0.00085 0.00001 0.99914 0.00001
0.00590 0.00098 0.00075 0.99238
0.17287 0.08083 0.67667 0.06963
0.07571 0.25196 0.48335 0.18897
0.13050 0.44514 0.21524 0.20912
0.20491 0.22277 0.31856 0.25377
0.21682 0.20230 0.45370 0.12719

>PRDM13 PRDM13_CHS_GHTS
0.52802 0.08650 0.24847 0.13702
0.14768 0.01066 0.82846 0.01320
0.00938 0.95519 0.01300 0.02242
0.63150 0.02200 0.11764 0.22886
0.02103 0.01869 0.94394 0.01634
0.00237 0.00723 0.97936 0.01104
0.00209 0.00483 0.00249 0.99058
0.11252 0.07381 0.71332 0.10035
0.07317 0.20503 0.49560 0.22620
0.13125 0.53577 0.18024 0.15274

>PRDM13 PRDM13_GHTS_CHS
0.11521 0.38286 0.26243 0.23950
0.48098 0.00661 0.30494 0.20747
0.11684 0.00007 0.88304 0.00005
0.00005 0.99984 0.00007 0.00005
0.79634 0.00007 0.02460 0.17898
0.00005 0.00007 0.99984 0.00005
0.00005 0.00007 0.99984 0.00005
0.00005 0.00007 0.00007 0.99981
0.00495 0.00007 0.99330 0.00168
0.05634 0.00988 0.84799 0.08579
0.02458 0.67130 0.17738 0.12675
0.37920 0.36554 0.09984 0.15543
0.26895 0.15877 0.35401 0.21827
0.16523 0.16267 0.39589 0.27622
0.15216 0.23231 0.49119 0.12434
0.26172 0.27396 0.26733 0.19699

>PRDM13 PRDM13_GHTS_GHTS
0.30254 0.34336 0.10949 0.24461
0.24032 0.08161 0.37121 0.30686
0.19742 0.13738 0.49781 0.16739
0.04726 0.41629 0.30901 0.22744
0.53639 0.00438 0.24679 0.21243
0.19098 0.00653 0.80243 0.00006
0.00435 0.98691 0.00653 0.00221
0.75306 0.00438 0.02369 0.21887
0.00006 0.00009 0.99978 0.00006
0.00006 0.00009 0.99978 0.00006
0.00435 0.00009 0.00009 0.99546
0.00221 0.00009 0.99549 0.00221
0.06442 0.00653 0.87965 0.04940
0.02795 0.67367 0.15025 0.14812
0.45054 0.36910 0.09663 0.08373
0.27251 0.14596 0.29397 0.28755
0.23603 0.17387 0.36695 0.22315
0.23176 0.09233 0.53856 0.13735
0.16738 0.27900 0.35834 0.19528
0.32616 0.22533 0.22320 0.22531
0.16738 0.18672 0.45062 0.19528
0.20386 0.27900 0.41627 0.10088
0.24679 0.28111 0.20173 0.27037
0.17596 0.24464 0.40557 0.17382

>SALL3 SALL3_CHS_CHS
0.38182 0.07636 0.07636 0.46545
0.21636 0.00364 0.08000 0.70000
0.54545 0.04000 0.10545 0.30909
0.19091 0.07636 0.01636 0.71636
0.07273 0.03273 0.11273 0.78182
0.65818 0.12909 0.03818 0.17455
0.79636 0.02727 0.00364 0.17273
0.00727 0.01091 0.00545 0.97636
0.39455 0.02182 0.01091 0.57273
0.10909 0.00545 0.00182 0.88364
0.09455 0.04909 0.00909 0.84727
0.52000 0.03091 0.02727 0.42182
0.73273 0.05455 0.13818 0.07455
0.29636 0.01273 0.02545 0.66545
0.77091 0.02182 0.04727 0.16000
0.27818 0.03091 0.04545 0.64545
0.12545 0.03273 0.05091 0.79091
0.39636 0.07818 0.05818 0.46727
0.41818 0.01636 0.02727 0.53818
0.24182 0.06182 0.11636 0.58000
0.29455 0.04364 0.04182 0.62000
0.51818 0.03818 0.12909 0.31455
0.19818 0.11818 0.03273 0.65091
0.26545 0.05273 0.05273 0.62909
0.44727 0.07818 0.13273 0.34182
0.67818 0.02000 0.02909 0.27273
0.18545 0.11636 0.16909 0.52909
0.55091 0.02727 0.03091 0.39091
0.30909 0.19636 0.12909 0.36545
0.42182 0.05636 0.07455 0.44727

>SALL3 SALL3_CHS_GHTS
0.99866 0.00014 0.00014 0.00106
0.00106 0.00014 0.00014 0.99866
0.78259 0.00014 0.06662 0.15065
0.78256 0.00014 0.00014 0.21716
0.00106 0.00014 0.03338 0.96542
0.23378 0.00014 0.00014 0.76594
0.98204 0.01676 0.00014 0.00106
0.99866 0.00014 0.00014 0.00106
0.00106 0.05000 0.01676 0.93218
0.93218 0.00014 0.01676 0.05092
0.10078 0.03338 0.06665 0.79919
0.03430 0.05000 0.00014 0.91556
0.79919 0.01676 0.01676 0.16729
0.94880 0.00014 0.01676 0.03430
0.08416 0.00014 0.10001 0.81568
0.94880 0.00014 0.00014 0.05092
0.31688 0.13313 0.00014 0.54985
0.20053 0.01676 0.00014 0.78256
0.71608 0.03338 0.00014 0.25040
0.73270 0.01676 0.00014 0.25040
0.11741 0.03338 0.08324 0.76597
0.63295 0.01676 0.09989 0.25040
0.63297 0.05000 0.09989 0.21713
0.06754 0.14988 0.00014 0.78244

>SALL3 SALL3_GHTS_CHS
0.36757 0.15135 0.20216 0.27892
0.61514 0.06054 0.15676 0.16757
0.17405 0.04324 0.07243 0.71027
0.44324 0.10811 0.22919 0.21946
0.44216 0.06162 0.10919 0.38703
0.11135 0.17838 0.06054 0.64973
0.54486 0.13622 0.26162 0.05730
0.64649 0.01946 0.09297 0.24108
0.40108 0.06270 0.08541 0.45081
0.69189 0.02054 0.14054 0.14703
0.23351 0.04324 0.10919 0.61405
0.32324 0.02270 0.01189 0.64216
0.25838 0.57189 0.15568 0.01405
0.89297 0.00432 0.08541 0.01730
0.01838 0.03459 0.03027 0.91676
0.84108 0.02270 0.04432 0.09189
0.38054 0.02919 0.04432 0.54595
0.04865 0.09622 0.04649 0.80865
0.04865 0.06595 0.15892 0.72649
0.38162 0.20000 0.16108 0.25730
0.34378 0.13189 0.15135 0.37297
0.18486 0.13081 0.31135 0.37297
0.49730 0.06162 0.18595 0.25514
0.30270 0.11027 0.06811 0.51892
0.35568 0.12649 0.10811 0.40973
0.37514 0.12432 0.07351 0.42703
0.35784 0.06270 0.18378 0.39568
0.26703 0.06162 0.15892 0.51243
0.46162 0.12324 0.10162 0.31351
0.35135 0.09622 0.17297 0.37946

>SALL3 SALL3_GHTS_GHTS
0.48317 0.20630 0.08469 0.22584
0.40391 0.06298 0.03366 0.49946
0.27687 0.15418 0.10966 0.45928
0.45711 0.20630 0.15852 0.17807
0.63952 0.12595 0.04235 0.19218
0.46471 0.11509 0.04669 0.37351
0.61564 0.10532 0.02063 0.25841
0.39414 0.01194 0.01846 0.57546
0.20413 0.06732 0.01629 0.71227
0.23996 0.73941 0.01629 0.00434
0.94571 0.02606 0.01629 0.01194
0.01846 0.05863 0.01303 0.90988
0.83822 0.13464 0.01737 0.00977
0.43105 0.02389 0.01520 0.52986
0.00651 0.32465 0.02497 0.64387
0.19110 0.18893 0.01412 0.60586
0.43757 0.16504 0.11944 0.27796
0.34093 0.15418 0.05863 0.44625
0.27796 0.19761 0.12812 0.39631
0.59609 0.13898 0.14658 0.11835
0.30836 0.14332 0.07709 0.47123
0.23344 0.27579 0.04777 0.44300
0.56569 0.12921 0.10749 0.19761
0.18893 0.22041 0.11401 0.47666
0.28773 0.33225 0.10532 0.27470
0.56352 0.16287 0.08252 0.19110
0.21824 0.13464 0.19001 0.45711
0.16069 0.39305 0.07383 0.37242
0.45168 0.21824 0.14549 0.18458
0.25624 0.32248 0.07709 0.34419

>USF3 USF3_CHS_CHS
0.24400 0.25166 0.36690 0.13744
0.16863 0.50605 0.25368 0.07165
0.07741 0.74495 0.08402 0.09362
0.02651 0.97007 0.00283 0.00058
0.98318 0.00005 0.01062 0.00615
0.00003 0.99934 0.00005 0.00058
0.00058 0.00005 0.99934 0.00003
0.00615 0.01062 0.00005 0.98318
0.00058 0.00283 0.97007 0.02651
0.09362 0.08402 0.74495 0.07741
0.07165 0.25368 0.50605 0.16863
0.13744 0.36690 0.25166 0.24400

>USF3 USF3_CHS_GHTS
0.05268 0.76752 0.04235 0.13745
0.00561 0.99113 0.00256 0.00070
0.98534 0.00010 0.01451 0.00005
0.00145 0.98886 0.00389 0.00580
0.00580 0.00389 0.98886 0.00145
0.00005 0.01451 0.00010 0.98534
0.00070 0.00256 0.99113 0.00561
0.13745 0.04235 0.76752 0.05268

>USF3 USF3_GHTS_CHS
0.22737 0.18823 0.45237 0.13203
0.32820 0.40399 0.25855 0.00926
0.03739 0.78421 0.01084 0.16756
0.00059 0.99908 0.00031 0.00002
0.99965 0.00003 0.00031 0.00002
0.00002 0.99822 0.00003 0.00174
0.00174 0.00003 0.99822 0.00002
0.00002 0.00031 0.00003 0.99965
0.00002 0.00031 0.99908 0.00059
0.16756 0.01084 0.78421 0.03739
0.00926 0.25855 0.40399 0.32820
0.13203 0.45237 0.18823 0.22737

>USF3 USF3_GHTS_GHTS
0.24625 0.29118 0.30559 0.15697
0.30055 0.64581 0.05319 0.00044
0.00391 0.98999 0.00002 0.00608
0.00001 0.99952 0.00045 0.00001
0.99908 0.00002 0.00089 0.00001
0.00001 0.99779 0.00002 0.00218
0.00391 0.00089 0.99476 0.00044
0.00001 0.00002 0.00002 0.99995
0.00001 0.00002 0.99996 0.00001
0.30840 0.02774 0.58830 0.07556
0.02246 0.48210 0.19340 0.30203
0.10949 0.58385 0.12121 0.18544
0.20120 0.34945 0.11492 0.33444
0.19875 0.29702 0.27263 0.23160
0.23890 0.28614 0.28030 0.19466

>ZBED2 ZBED2_CHS_CHS
0.25117 0.40306 0.18388 0.16188
0.02678 0.97305 0.00010 0.00007
0.00007 0.00010 0.99977 0.00007
0.99973 0.00010 0.00010 0.00007
0.99973 0.00010 0.00010 0.00007
0.60821 0.32298 0.01352 0.05529
0.00007 0.95948 0.03579 0.00467
0.03555 0.51515 0.01046 0.43883
0.18436 0.24999 0.38429 0.18137
0.22571 0.30206 0.30408 0.16815

>ZBED2 ZBED2_CHS_GHTS
0.14325 0.40818 0.20814 0.24042
0.30851 0.33432 0.16198 0.19519
0.00472 0.99046 0.00475 0.00007
0.00007 0.00010 0.99511 0.00472
0.99508 0.00010 0.00010 0.00472
0.99740 0.00010 0.00010 0.00239
0.54529 0.33455 0.03654 0.08361
0.00007 0.93309 0.02393 0.04291
0.06196 0.57122 0.00708 0.35974
0.19085 0.19090 0.38219 0.23606

>ZBED2 ZBED2_GHTS_CHS
0.00079 0.99747 0.00095 0.00079
0.00079 0.02505 0.97337 0.00079
0.99731 0.00095 0.00095 0.00079
0.99731 0.00095 0.00095 0.00079
0.76558 0.20858 0.02505 0.00079
0.00079 0.99747 0.00095 0.00079
0.00079 0.78057 0.00095 0.21769
0.48985 0.04915 0.21592 0.24507
0.41261 0.38272 0.05928 0.14539
0.49446 0.09313 0.36342 0.04899

>ZBED5 ZBED5_CHS_CHS
0.08375 0.39461 0.27697 0.24467
0.08033 0.29892 0.47295 0.14780
0.09998 0.17373 0.40538 0.32091
0.03858 0.04210 0.03914 0.88017
0.04491 0.22155 0.06226 0.67128
0.02251 0.90104 0.02184 0.05461
0.01883 0.51332 0.01899 0.44886
0.00413 0.98015 0.00771 0.00801
0.76222 0.07099 0.05736 0.10942
0.43712 0.13724 0.35368 0.07196
0.52613 0.20588 0.12228 0.14571
0.04501 0.52669 0.37777 0.05053
0.09687 0.27748 0.14755 0.47811
0.09993 0.36399 0.39027 0.14581
0.14162 0.27376 0.37011 0.21450
0.12631 0.22686 0.46769 0.17914
0.11192 0.23921 0.37358 0.27529
0.11141 0.30208 0.25870 0.32780
0.10391 0.56231 0.17317 0.16061
0.09860 0.64418 0.09932 0.15791
0.18256 0.42202 0.16847 0.22696
0.16459 0.35057 0.25533 0.22951
0.22002 0.22405 0.38685 0.16908
0.16852 0.20307 0.50454 0.12386
0.23221 0.23456 0.41411 0.11912
0.21394 0.30530 0.34286 0.13790
0.21961 0.37154 0.24308 0.16577
0.25186 0.46785 0.14438 0.13591
0.17623 0.50051 0.17505 0.14821
0.16194 0.45835 0.17271 0.20700

>ZBED5 ZBED5_CHS_GHTS
0.15597 0.34737 0.25249 0.24417
0.19053 0.37779 0.24820 0.18348
0.23085 0.35191 0.22743 0.18981
0.27295 0.35696 0.21457 0.15551
0.28730 0.28362 0.25494 0.17414
0.23263 0.29638 0.28546 0.18553
0.21793 0.30266 0.26484 0.21457
0.17736 0.29934 0.34303 0.18027
0.17363 0.28270 0.33655 0.20711
0.13551 0.25259 0.41469 0.19721
0.15062 0.21288 0.29082 0.34568
0.14306 0.22202 0.42980 0.20512
0.14209 0.46180 0.22758 0.16853
0.11785 0.43684 0.18537 0.25994
0.11759 0.49053 0.16445 0.22743
0.14704 0.50743 0.18593 0.15960
0.30307 0.30021 0.26826 0.12846
0.22130 0.26775 0.25754 0.25341
0.04318 0.01215 0.92742 0.01725
0.02838 0.03522 0.86112 0.07528
0.48252 0.36043 0.08911 0.06793
0.93493 0.00725 0.02455 0.03328
0.00812 0.93732 0.02858 0.02598
0.09442 0.88001 0.01388 0.01169
0.03139 0.85873 0.03369 0.07620
0.15878 0.38927 0.12857 0.32338
0.22508 0.21885 0.35967 0.19640
0.19629 0.26994 0.33747 0.19629
0.19568 0.30240 0.28964 0.21227
0.18604 0.28617 0.28495 0.24284

>ZBED5 ZBED5_GHTS_CHS
0.01364 0.00061 0.98540 0.00034
0.00034 0.00061 0.93217 0.06687
0.00034 0.00061 0.99870 0.00034
0.00034 0.00061 0.00061 0.99843
0.01364 0.00061 0.29331 0.69243
0.00034 0.99870 0.00061 0.00034
0.00034 0.97211 0.00061 0.02693
0.05352 0.02726 0.85235 0.06687
0.02693 0.42828 0.17922 0.36557
0.02693 0.05379 0.90563 0.01364
0.06682 0.04050 0.74610 0.14658
0.33365 0.33522 0.27756 0.05358

>ZBED5 ZBED5_GHTS_GHTS
0.06030 0.27136 0.44221 0.22613
0.19095 0.23116 0.28643 0.29146
0.07538 0.21106 0.40201 0.31156
0.19095 0.49749 0.15578 0.15578
0.04523 0.51256 0.26633 0.17588
0.31658 0.12060 0.50754 0.05528
0.04020 0.56784 0.06030 0.33166
0.03518 0.06533 0.87940 0.02010
0.05528 0.04020 0.77889 0.12563
0.33668 0.23116 0.02513 0.40704
0.69347 0.04020 0.19095 0.07538
0.09548 0.59296 0.26633 0.04523
0.07538 0.63819 0.02010 0.26633
0.03015 0.64824 0.27136 0.05025
0.21106 0.37688 0.22613 0.18593
0.19095 0.19598 0.14070 0.47236
0.07035 0.25126 0.51759 0.16080
0.06533 0.34171 0.48744 0.10553
0.19095 0.30151 0.11558 0.39196
0.02513 0.44221 0.45729 0.07538
0.23618 0.18090 0.26633 0.31658
0.03015 0.22613 0.18090 0.56281
0.10050 0.33166 0.46734 0.10050
0.12060 0.35176 0.47739 0.05025
0.09548 0.36683 0.09045 0.44724
0.09045 0.23618 0.55276 0.12060
0.16583 0.39698 0.38191 0.05528
0.42714 0.24623 0.08040 0.24623
0.06533 0.29648 0.40201 0.23618
0.19095 0.28141 0.36181 0.16583

>ZNF20 ZNF20_CHS_CHS
0.19969 0.30503 0.40566 0.08962
0.08333 0.62579 0.17296 0.11792
0.10692 0.56604 0.12736 0.19969
0.12421 0.41195 0.16824 0.29560
0.21698 0.25472 0.33491 0.19340
0.15566 0.42610 0.25000 0.16824
0.11006 0.21069 0.24057 0.43868
0.10849 0.53931 0.16667 0.18553
0.11950 0.35692 0.27673 0.24686
0.11635 0.48113 0.15723 0.24528
0.33176 0.25314 0.28774 0.12736
0.06289 0.64623 0.12579 0.16509
0.18082 0.15723 0.12579 0.53616
0.12736 0.37264 0.29088 0.20912
0.13994 0.10377 0.31447 0.44182
0.05031 0.25629 0.52201 0.17138
0.37736 0.07862 0.12107 0.42296
0.07862 0.01572 0.88522 0.02044
0.01730 0.09277 0.85535 0.03459
0.70755 0.08019 0.04403 0.16824
0.11164 0.00629 0.86635 0.01572
0.35220 0.08962 0.05346 0.50472
0.07390 0.00629 0.91509 0.00472
0.01258 0.14780 0.13208 0.70755
0.90252 0.01730 0.06918 0.01101
0.01730 0.78774 0.16509 0.02987
0.10063 0.05975 0.16195 0.67767
0.08648 0.12107 0.32704 0.46541
0.18868 0.13522 0.29560 0.38050
0.13208 0.35377 0.24843 0.26572

>ZNF20 ZNF20_CHS_GHTS
0.24371 0.28774 0.32390 0.14465
0.33019 0.29717 0.25943 0.11321
0.19654 0.25629 0.42767 0.11950
0.11478 0.48899 0.22484 0.17138
0.12579 0.50157 0.20126 0.17138
0.15252 0.36478 0.21384 0.26887
0.27044 0.25786 0.28302 0.18868
0.13679 0.44811 0.24528 0.16981
0.09906 0.27516 0.19340 0.43239
0.11950 0.48742 0.17138 0.22170
0.16195 0.42296 0.20755 0.20755
0.12893 0.42610 0.24843 0.19654
0.39780 0.21541 0.22170 0.16509
0.07390 0.55031 0.19497 0.18082
0.13679 0.19969 0.12736 0.53616
0.19025 0.41352 0.13208 0.26415
0.20912 0.12421 0.24686 0.41981
0.07704 0.27044 0.46855 0.18396
0.40723 0.09906 0.13365 0.36006
0.10220 0.06289 0.81132 0.02358
0.02358 0.10535 0.83648 0.03459
0.63836 0.15566 0.02987 0.17610
0.12579 0.02044 0.84434 0.00943
0.39465 0.08962 0.09906 0.41667
0.06132 0.02673 0.89465 0.01730
0.03931 0.11164 0.04874 0.80031
0.90252 0.05660 0.02201 0.01887
0.02201 0.90723 0.03145 0.03931
0.14780 0.07390 0.04717 0.73113
0.10220 0.15881 0.23585 0.50314

>ZNF20 ZNF20_GHTS_CHS
0.01491 0.02368 0.94912 0.01228
0.01140 0.01228 0.00351 0.97281
0.86404 0.00702 0.11754 0.01140
0.00351 0.88860 0.01140 0.09649
0.36667 0.04035 0.14649 0.44649
0.00175 0.86053 0.01491 0.12281
0.13947 0.00877 0.13158 0.72018
0.01228 0.88596 0.09211 0.00965
0.02982 0.86491 0.02456 0.08070
0.28070 0.05614 0.09386 0.56930
0.24825 0.46579 0.20877 0.07719
0.45702 0.18947 0.10175 0.25175
0.28246 0.12544 0.36140 0.23070
0.63333 0.10088 0.14561 0.12018
0.22632 0.12895 0.56842 0.07632
0.18158 0.23596 0.19123 0.39123
0.24474 0.22018 0.38509 0.15000
0.24825 0.21053 0.36491 0.17632
0.22193 0.21579 0.35263 0.20965
0.35526 0.19561 0.25351 0.19561
0.20789 0.19386 0.38158 0.21667
0.19912 0.28596 0.26404 0.25088
0.23947 0.17018 0.38421 0.20614
0.20088 0.16754 0.44737 0.18421
0.17193 0.21667 0.43421 0.17719
0.19035 0.35439 0.25000 0.20526
0.15965 0.24912 0.27018 0.32105
0.19649 0.25877 0.28070 0.26404
0.23684 0.22281 0.30877 0.23158
0.28333 0.22632 0.25263 0.23772

>ZNF20 ZNF20_GHTS_GHTS
0.55439 0.21404 0.12368 0.10789
0.67807 0.03860 0.04474 0.23860
0.02018 0.01404 0.95614 0.00965
0.01053 0.02807 0.00351 0.95789
0.88772 0.01316 0.09386 0.00526
0.00439 0.89474 0.01053 0.09035
0.35965 0.04035 0.13596 0.46404
0.00263 0.86053 0.01140 0.12544
0.16842 0.01053 0.10965 0.71140
0.01754 0.88772 0.08158 0.01316
0.02456 0.89386 0.01579 0.06579
0.30088 0.06316 0.06754 0.56842
0.24211 0.48596 0.19825 0.07368
0.45877 0.21316 0.10000 0.22807
0.29123 0.13772 0.35088 0.22018
0.64298 0.08860 0.15614 0.11228
0.21842 0.13596 0.57281 0.07281
0.18860 0.22105 0.19474 0.39561
0.24825 0.21491 0.39561 0.14123
0.25175 0.22544 0.35614 0.16667
0.23947 0.19912 0.37018 0.19123
0.34649 0.20877 0.25088 0.19386
0.21842 0.17368 0.38596 0.22193
0.19825 0.29298 0.28246 0.22632
0.24825 0.17368 0.36667 0.21140
0.19474 0.16754 0.45088 0.18684
0.18860 0.20965 0.43947 0.16228
0.19649 0.38246 0.23421 0.18684
0.16140 0.23596 0.24474 0.35789
0.18684 0.25789 0.29737 0.25789

>ZNF251 ZNF251_CHS_CHS
0.15308 0.16921 0.49687 0.18084
0.29415 0.31478 0.15745 0.23362
0.15833 0.41333 0.20660 0.22174
0.13019 0.17359 0.18234 0.51388
0.13244 0.15983 0.49437 0.21336
0.15558 0.14882 0.55978 0.13582
0.11431 0.49662 0.20410 0.18497
0.13407 0.24700 0.13294 0.48599
0.10280 0.20310 0.13032 0.56378
0.23924 0.30940 0.21623 0.23512
0.09792 0.12906 0.08467 0.68834
0.09830 0.12294 0.14595 0.63282
0.05640 0.07891 0.28402 0.58067
0.03202 0.83254 0.06491 0.07054
0.72149 0.08129 0.09242 0.10480
0.02726 0.74462 0.15720 0.07091
0.02739 0.02176 0.01451 0.93634
0.07016 0.12406 0.12844 0.67734
0.85705 0.03277 0.08454 0.02564
0.30390 0.01463 0.65045 0.03102
0.01001 0.96498 0.01013 0.01488
0.52901 0.06828 0.34592 0.05678
0.09180 0.55165 0.07504 0.28152
0.38869 0.24925 0.14157 0.22049
0.28564 0.17721 0.29590 0.24125
0.14432 0.06741 0.10068 0.68759
0.22074 0.16008 0.38594 0.23324
0.12631 0.21561 0.16708 0.49100
0.12044 0.61093 0.05853 0.21011
0.19022 0.35518 0.07066 0.38394

>ZNF251 ZNF251_CHS_GHTS
0.26739 0.31819 0.20220 0.21221
0.22685 0.41879 0.19682 0.15753
0.20958 0.21572 0.13751 0.43719
0.22247 0.18168 0.29067 0.30518
0.26451 0.20195 0.37075 0.16279
0.52190 0.21784 0.15453 0.10573
0.36299 0.08296 0.33271 0.22135
0.18493 0.06219 0.65428 0.09860
0.48711 0.19157 0.17367 0.14765
0.24587 0.40578 0.14502 0.20333
0.73498 0.07858 0.06794 0.11849
0.20896 0.29254 0.19444 0.30405
0.17430 0.14377 0.26552 0.41642
0.30831 0.03741 0.56206 0.09222
0.04842 0.35410 0.05030 0.54717
0.04905 0.00851 0.92367 0.01877
0.02890 0.57658 0.04204 0.35248
0.05405 0.13051 0.02678 0.78866
0.70270 0.13263 0.07357 0.09109
0.92555 0.02177 0.03028 0.02240
0.07107 0.15791 0.74850 0.02252
0.09847 0.12850 0.06669 0.70633
0.04179 0.04442 0.88426 0.02953
0.56381 0.34297 0.03779 0.05543
0.66316 0.11386 0.10235 0.12062
0.68293 0.11361 0.08509 0.11837
0.24162 0.18268 0.30518 0.27052
0.54617 0.13814 0.18356 0.13213
0.49525 0.14127 0.21672 0.14677
0.20433 0.17042 0.47860 0.14665

>ZNF251 ZNF251_GHTS_CHS
0.03746 0.00866 0.16533 0.78854
0.00348 0.97056 0.00405 0.02191
0.91930 0.01614 0.05243 0.01212
0.00002 0.90316 0.05935 0.03746
0.00002 0.00002 0.00117 0.99879
0.02076 0.04264 0.02018 0.91642
0.95041 0.00002 0.03976 0.00982
0.38436 0.00347 0.60639 0.00578
0.00175 0.98841 0.00002 0.00982
0.66055 0.01787 0.29794 0.02364
0.07436 0.48518 0.02018 0.42028
0.49921 0.20740 0.16661 0.12677
0.43186 0.10775 0.28635 0.17404
0.05935 0.03573 0.02248 0.88244
0.20280 0.08932 0.51656 0.19133
0.11411 0.19591 0.08124 0.60874
0.10489 0.60176 0.03976 0.25359
0.18326 0.36147 0.04840 0.40686

>ZNF251 ZNF251_GHTS_GHTS
0.25503 0.36848 0.16618 0.21031
0.06477 0.04528 0.02981 0.86014
0.06591 0.06820 0.03554 0.83034
0.03555 0.01205 0.16331 0.78909
0.00404 0.97358 0.00002 0.02237
0.91572 0.01606 0.05273 0.01549
0.00060 0.89737 0.06075 0.04128
0.00002 0.00002 0.00116 0.99879
0.02008 0.04242 0.02122 0.91629
0.95239 0.00002 0.03841 0.00919
0.38508 0.00346 0.60399 0.00747
0.00174 0.98790 0.00002 0.01034
0.65557 0.02007 0.30027 0.02409
0.07509 0.48420 0.02294 0.41777
0.50027 0.20457 0.16907 0.12609
0.42924 0.11232 0.28422 0.17422
0.06591 0.03726 0.02351 0.87332
0.19999 0.08883 0.51289 0.19829
0.11348 0.19599 0.08367 0.60686
0.10603 0.59596 0.04299 0.25502
0.18167 0.36160 0.05216 0.40457
0.11234 0.14613 0.11404 0.62750
0.12264 0.44986 0.16046 0.26704
0.38110 0.27105 0.19370 0.15415

>ZNF367 ZNF367_CHS_CHS
0.07644 0.04996 0.73316 0.14042
0.18812 0.38351 0.32098 0.10739
0.05486 0.60630 0.15165 0.18718
0.38467 0.48612 0.01446 0.11474
0.00000 0.00000 0.00032 0.99968
0.00000 0.00000 0.00000 0.99999
0.00000 0.00134 0.00179 0.99687
0.99281 0.00269 0.00379 0.00072
0.98103 0.01498 0.00069 0.00329
0.72503 0.12148 0.03180 0.12169
0.30226 0.20092 0.10618 0.39065
0.36877 0.21243 0.14092 0.27787

>ZNF367 ZNF367_CHS_GHTS
0.09404 0.02932 0.12330 0.75334
0.00000 0.00000 0.00729 0.99271
0.00000 0.00000 0.00000 0.99999
0.99999 0.00000 0.00000 0.00000
0.99999 0.00000 0.00000 0.00000
0.99999 0.00000 0.00000 0.00000
0.09566 0.01693 0.45850 0.42891
0.22649 0.12304 0.61288 0.03760
0.09965 0.31454 0.38631 0.19951
0.19318 0.65073 0.06113 0.09496
0.30226 0.37211 0.06320 0.26242
0.33306 0.21760 0.19601 0.25333

>ZNF367 ZNF367_GHTS_CHS
0.46441 0.15086 0.21988 0.16485
0.08279 0.00420 0.11909 0.79392
0.00132 0.00002 0.00002 0.99865
0.00003 0.00002 0.00002 0.99994
0.99994 0.00002 0.00002 0.00003
0.99994 0.00002 0.00002 0.00003
0.99994 0.00002 0.00002 0.00003
0.07372 0.00066 0.55047 0.37516
0.09821 0.05286 0.83574 0.01320
0.06225 0.21199 0.55718 0.16858
0.30410 0.62685 0.02020 0.04885
0.33575 0.45084 0.03285 0.18055

>ZNF367 ZNF367_GHTS_GHTS
0.19843 0.03863 0.46150 0.30144
0.05468 0.04932 0.52138 0.37462
0.18180 0.61476 0.14758 0.05586
0.03567 0.82945 0.02497 0.10992
0.29016 0.62529 0.00061 0.08394
0.00003 0.00002 0.00002 0.99994
0.00003 0.00002 0.00002 0.99994
0.00003 0.00061 0.00952 0.98984
0.99519 0.00002 0.00477 0.00003
0.99994 0.00002 0.00002 0.00003
0.73608 0.13130 0.01795 0.11467
0.11527 0.21957 0.13170 0.53346
0.16731 0.30397 0.27326 0.25546
0.23026 0.24432 0.14936 0.37606
0.17135 0.18892 0.18442 0.45531
0.40576 0.10100 0.22041 0.27283

>ZNF395 ZNF395_CHS_CHS
0.11011 0.60674 0.17303 0.11011
0.03371 0.69663 0.13034 0.13933
0.13258 0.30787 0.47191 0.08764
0.06966 0.72360 0.16629 0.04045
0.18427 0.52584 0.14157 0.14831
0.03596 0.34831 0.49438 0.12135
0.00674 0.81573 0.07191 0.10562
0.19101 0.61573 0.12135 0.07191
0.06742 0.14157 0.62022 0.17079
0.01798 0.61798 0.28764 0.07640
0.05618 0.64045 0.04270 0.26067
0.05843 0.25169 0.40899 0.28090
0.00449 0.95955 0.03146 0.00449
0.06067 0.84719 0.02921 0.06292
0.12360 0.03596 0.78876 0.05169
0.04494 0.73933 0.15506 0.06067
0.04045 0.73933 0.09663 0.12360
0.10112 0.26742 0.33034 0.30112
0.01798 0.86966 0.01124 0.10112
0.04270 0.78202 0.03146 0.14382
0.17753 0.05169 0.41798 0.35281
0.02472 0.76854 0.16180 0.04494
0.09213 0.72360 0.06966 0.11461
0.05169 0.63146 0.17753 0.13933
0.13708 0.38652 0.36629 0.11011
0.06742 0.28989 0.47416 0.16854
0.22921 0.39326 0.21798 0.15955
0.14157 0.38652 0.20225 0.26966
0.07191 0.46292 0.17978 0.28539
0.09888 0.55955 0.14157 0.20000

>ZNF395 ZNF395_CHS_GHTS
0.11888 0.00109 0.87970 0.00033
0.61391 0.00109 0.00109 0.38391
0.09686 0.04044 0.82303 0.03968
0.00848 0.32363 0.66756 0.00033
0.00033 0.92921 0.07014 0.00033
0.00033 0.00109 0.99825 0.00033
0.08718 0.00109 0.86387 0.04786
0.00033 0.95753 0.04181 0.00033

>ZNF395 ZNF395_GHTS_CHS
0.12849 0.31285 0.33520 0.22346
0.03352 0.20112 0.16760 0.59777
0.18994 0.18436 0.16201 0.46369
0.00559 0.90503 0.02793 0.06145
0.12291 0.82123 0.01676 0.03911
0.06145 0.37989 0.37430 0.18436
0.05587 0.18436 0.46369 0.29609
0.05028 0.46369 0.37989 0.10615
0.17877 0.66480 0.05028 0.10615
0.06704 0.57542 0.18436 0.17318
0.18436 0.49162 0.26257 0.06145
0.17877 0.44134 0.18436 0.19553
0.18436 0.40223 0.22905 0.18436
0.08380 0.59777 0.12291 0.19553
0.09497 0.53631 0.18436 0.18436
0.08380 0.34078 0.21229 0.36313
0.05028 0.76536 0.11732 0.06704
0.20112 0.21788 0.20112 0.37989
0.21229 0.42458 0.30726 0.05587
0.14525 0.66480 0.02235 0.16760
0.31844 0.29050 0.12849 0.26257
0.09497 0.13408 0.29050 0.48045
0.10056 0.62011 0.23464 0.04469
0.13966 0.19553 0.07263 0.59218
0.18436 0.14525 0.45251 0.21788
0.03911 0.56425 0.13408 0.26257
0.18436 0.11173 0.27374 0.43017
0.07821 0.29050 0.20670 0.42458
0.17877 0.37989 0.33520 0.10615
0.02793 0.46369 0.05028 0.45810

>ZNF395 ZNF395_GHTS_GHTS
0.41899 0.23464 0.18994 0.15642
0.30168 0.27374 0.29609 0.12849
0.15642 0.37989 0.24022 0.22346
0.16201 0.25698 0.29050 0.29050
0.16760 0.26816 0.37430 0.18994
0.27374 0.35196 0.25698 0.11732
0.30168 0.32402 0.18994 0.18436
0.26257 0.20670 0.32402 0.20670
0.12849 0.34637 0.33520 0.18994
0.15084 0.36872 0.25140 0.22905
0.08380 0.35754 0.46927 0.08939
0.20112 0.15642 0.31844 0.32402
0.26257 0.29609 0.24581 0.19553
0.29050 0.13408 0.40223 0.17318
0.08939 0.43575 0.32402 0.15084
0.30168 0.32961 0.28492 0.08380
0.11173 0.44693 0.30168 0.13966
0.28492 0.34637 0.24022 0.12849
0.17318 0.20112 0.35196 0.27374
0.10615 0.02235 0.82123 0.05028
0.05028 0.87709 0.03911 0.03352
0.06704 0.79330 0.05587 0.08380
0.05587 0.06704 0.80447 0.07263
0.09497 0.01676 0.83240 0.05587
0.02235 0.94413 0.01676 0.01676
0.18994 0.78771 0.01676 0.00559
0.05587 0.01676 0.87151 0.05587
0.01676 0.01676 0.93855 0.02793
0.05028 0.66480 0.07263 0.21229
0.39106 0.13408 0.20670 0.26816

>ZNF493 ZNF493_CHS_CHS
0.15736 0.24365 0.19797 0.40102
0.14213 0.20305 0.46701 0.18782
0.21827 0.20305 0.22843 0.35025
0.40609 0.23350 0.18274 0.17766
0.56345 0.21320 0.11168 0.11168
0.13198 0.12183 0.51777 0.22843
0.15228 0.61929 0.15228 0.07614
0.12183 0.69036 0.10660 0.08122
0.46701 0.25381 0.17259 0.10660
0.27411 0.22843 0.40102 0.09645
0.34010 0.09645 0.50254 0.06091
0.05076 0.22335 0.61929 0.10660
0.10152 0.70558 0.10152 0.09137
0.61421 0.21827 0.11168 0.05584
0.06599 0.47716 0.19797 0.25888
0.08629 0.89848 0.01015 0.00508
0.01015 0.90355 0.04061 0.04569
0.71574 0.03046 0.17259 0.08122
0.06091 0.07614 0.75127 0.11168
0.50761 0.29442 0.15736 0.04061
0.31472 0.48731 0.04061 0.15736
0.00508 0.83756 0.10152 0.05584
0.74619 0.18782 0.04569 0.02030
0.09137 0.02030 0.85787 0.03046
0.01015 0.02538 0.07614 0.88832
0.02030 0.10660 0.42132 0.45178
0.00508 0.90355 0.01523 0.07614
0.00508 0.86294 0.01015 0.12183
0.02030 0.84772 0.02030 0.11168
0.49239 0.12183 0.27411 0.11168

>ZNF493 ZNF493_CHS_GHTS
0.13131 0.07071 0.79293 0.00505
0.45960 0.37374 0.11111 0.05556
0.75758 0.02525 0.14646 0.07071
0.05051 0.89394 0.03030 0.02525
0.06061 0.01515 0.09596 0.82828
0.02020 0.01515 0.95455 0.01010
0.16162 0.14646 0.45455 0.23737
0.19192 0.17172 0.21717 0.41919
0.22222 0.64646 0.07576 0.05556
0.06061 0.09091 0.25758 0.59091
0.12121 0.10606 0.67172 0.10101
0.03535 0.02020 0.92424 0.02020
0.17677 0.07071 0.69192 0.06061
0.19192 0.14141 0.20202 0.46465
0.08586 0.08081 0.69697 0.13636
0.17677 0.62121 0.14141 0.06061
0.08081 0.47475 0.11111 0.33333
0.09091 0.47475 0.17677 0.25758
0.12626 0.11111 0.30303 0.45960
0.08586 0.08081 0.75253 0.08081
0.08586 0.08081 0.78788 0.04545
0.24242 0.58081 0.08586 0.09091
0.13131 0.14646 0.23737 0.48485
0.13636 0.13636 0.36869 0.35859
0.31313 0.31818 0.18687 0.18182
0.19192 0.49495 0.17677 0.13636
0.27778 0.13131 0.32323 0.26768
0.16667 0.30303 0.35354 0.17677
0.19697 0.16667 0.42929 0.20707
0.13636 0.15657 0.36364 0.34343

>ZNF493 ZNF493_GHTS_CHS
0.13877 0.11371 0.62132 0.12620
0.06330 0.83516 0.05081 0.05072
0.06330 0.86032 0.03824 0.03814
0.57091 0.25208 0.08855 0.08846
0.17715 0.16403 0.53263 0.12620
0.21425 0.03824 0.69679 0.05072
0.06330 0.08855 0.75969 0.08846
0.03814 0.88548 0.01308 0.06330
0.80991 0.05081 0.05081 0.08846
0.02557 0.77227 0.01308 0.18909
0.01299 0.98611 0.00050 0.00041
0.00041 0.97353 0.01308 0.01299
0.84765 0.02566 0.05081 0.07588
0.02557 0.01308 0.88548 0.07588
0.67154 0.17660 0.15145 0.00041
0.27714 0.57094 0.00050 0.15142
0.00041 0.97353 0.01308 0.01299
0.99859 0.00050 0.00050 0.00041
0.00041 0.00050 0.99869 0.00041
0.00041 0.01308 0.00050 0.98601
0.00041 0.01308 0.41560 0.57091
0.00041 0.88484 0.02566 0.08909
0.00041 0.98611 0.00050 0.01299
0.02557 0.83497 0.02566 0.11381

>ZNF493 ZNF493_GHTS_GHTS
0.10303 0.12121 0.63636 0.13939
0.16970 0.00606 0.80000 0.02424
0.11515 0.05455 0.81212 0.01818
0.44848 0.42424 0.04848 0.07879
0.81212 0.00606 0.16364 0.01818
0.16970 0.73333 0.05455 0.04242
0.08485 0.03636 0.08485 0.79394
0.07273 0.04242 0.81212 0.07273
0.15758 0.03030 0.53333 0.27879
0.02424 0.22424 0.18182 0.56970
0.16970 0.57576 0.19394 0.06061
0.10303 0.10909 0.18182 0.60606
0.03030 0.03030 0.81818 0.12121
0.06061 0.04848 0.80000 0.09091
0.29697 0.02424 0.58182 0.09697
0.13333 0.06667 0.04242 0.75758
0.06667 0.04848 0.86667 0.01818
0.13333 0.56364 0.16364 0.13939
0.09091 0.51515 0.09091 0.30303
0.12727 0.36364 0.26061 0.24848
0.09697 0.07273 0.44848 0.38182
0.08485 0.13939 0.65455 0.12121
0.05455 0.19394 0.62424 0.12727
0.15152 0.44242 0.20606 0.20000
0.14545 0.15152 0.12727 0.57576
0.20606 0.13939 0.27879 0.37576
0.41212 0.33333 0.15152 0.10303
0.29091 0.37576 0.15152 0.18182
0.31515 0.18788 0.38182 0.11515
0.16364 0.21212 0.49697 0.12727

>ZNF518B ZNF518B_CHS_CHS
0.15134 0.43754 0.18924 0.22187
0.23819 0.05816 0.19025 0.51339
0.12216 0.00001 0.87782 0.00001
0.00001 0.00001 0.00766 0.99232
0.92525 0.01378 0.06096 0.00001
0.00001 0.00001 0.99997 0.00001
0.59871 0.01505 0.25096 0.13527
0.27325 0.12599 0.15506 0.44571
0.24050 0.19598 0.29243 0.27109
0.11655 0.26840 0.03265 0.58239
0.00307 0.98875 0.00205 0.00613
0.01786 0.23498 0.03775 0.70940
0.86276 0.08264 0.01913 0.03546
0.08697 0.33752 0.03775 0.53776
0.14063 0.25095 0.13977 0.46865
0.41486 0.13655 0.17215 0.27645
0.21780 0.20770 0.34371 0.23080
0.21652 0.22913 0.33834 0.21601

>ZNF518B ZNF518B_CHS_GHTS
0.01057 0.01513 0.95276 0.02155
0.51285 0.04227 0.31455 0.13034
0.24057 0.26958 0.20659 0.28326
0.39432 0.16639 0.14422 0.29507
0.10837 0.23767 0.00995 0.64401
0.00062 0.99668 0.00145 0.00124
0.00186 0.05740 0.00456 0.93618
0.97679 0.01160 0.00808 0.00352
0.00186 0.85329 0.00145 0.14339
0.43722 0.22648 0.06776 0.26855
0.21011 0.18773 0.41359 0.18856
0.38873 0.21716 0.21156 0.18255
0.30792 0.23746 0.25943 0.19519
0.25591 0.36490 0.16245 0.21674
0.21508 0.26088 0.18794 0.33610
0.26855 0.33858 0.20079 0.19208
0.23726 0.20327 0.19126 0.36821
0.23912 0.33195 0.21198 0.21695
0.23995 0.32801 0.18338 0.24865
0.40593 0.18504 0.17364 0.23539
0.20908 0.31455 0.21902 0.25736
0.24285 0.32035 0.20555 0.23125
0.22275 0.37547 0.18235 0.21944
0.24865 0.29424 0.21115 0.24596
0.35184 0.21840 0.20431 0.22545
0.36718 0.19747 0.18007 0.25528
0.37091 0.22545 0.17862 0.22503
0.24451 0.20265 0.21218 0.34065
0.22089 0.32159 0.19043 0.26709
0.36386 0.20555 0.21550 0.21508

>ZNF518B ZNF518B_GHTS_CHS
0.17898 0.00004 0.82094 0.00004
0.00004 0.00004 0.00004 0.99988
0.98420 0.00004 0.01572 0.00004
0.00004 0.00004 0.99988 0.00004
0.75428 0.00004 0.19858 0.04710
0.20684 0.25791 0.15041 0.38484
0.38484 0.15041 0.25791 0.20684
0.04710 0.19858 0.00004 0.75428
0.00004 0.99988 0.00004 0.00004
0.00004 0.01572 0.00004 0.98420
0.99988 0.00004 0.00004 0.00004
0.00004 0.82094 0.00004 0.17898

>ZNF518B ZNF518B_GHTS_GHTS
0.15742 0.34633 0.35307 0.14318
0.18066 0.15292 0.15292 0.51349
0.17916 0.13643 0.52624 0.15817
0.17841 0.23688 0.34858 0.23613
0.36432 0.16267 0.26162 0.21139
0.16642 0.29685 0.33133 0.20540
0.15892 0.32759 0.35682 0.15667
0.35607 0.14993 0.20540 0.28861
0.35982 0.15742 0.35607 0.12669
0.18891 0.13793 0.51424 0.15892
0.18441 0.25412 0.18516 0.37631
0.21139 0.16267 0.49400 0.13193
0.17616 0.16042 0.49550 0.16792
0.36207 0.11469 0.24663 0.27661
0.14018 0.34258 0.30435 0.21289
0.18591 0.34933 0.26387 0.20090
0.14093 0.25562 0.14393 0.45952
0.39805 0.02699 0.32834 0.24663
0.27361 0.00375 0.71589 0.00675
0.00300 0.00375 0.03373 0.95952
0.85757 0.00450 0.13568 0.00225
0.00225 0.00450 0.92954 0.06372
0.59595 0.00300 0.28936 0.11169
0.17841 0.26012 0.24963 0.31184
0.41979 0.11094 0.29160 0.17766
0.05472 0.15742 0.03523 0.75262
0.00300 0.81709 0.17616 0.00375
0.00375 0.01049 0.14243 0.84333
0.88831 0.00225 0.04723 0.06222
0.00300 0.82234 0.13118 0.04348

>ZNF648 ZNF648_CHS_CHS
0.14828 0.43626 0.26040 0.15506
0.25316 0.42179 0.20931 0.11573
0.18400 0.39376 0.33816 0.08409
0.20072 0.34494 0.35262 0.10172
0.09765 0.36031 0.42993 0.11212
0.11076 0.38698 0.31872 0.18354
0.11754 0.42360 0.25226 0.20660
0.10533 0.38427 0.31239 0.19801
0.14376 0.35307 0.32731 0.17586
0.08996 0.52306 0.21157 0.17541
0.10262 0.42993 0.13653 0.33092
0.07188 0.57414 0.15642 0.19756
0.09268 0.58635 0.14693 0.17405
0.24864 0.33002 0.30606 0.11528
0.13834 0.15642 0.62387 0.08137
0.05787 0.27260 0.44892 0.22061
0.00814 0.98192 0.00542 0.00452
0.01311 0.00090 0.11573 0.87025
0.00136 0.83499 0.01447 0.14919
0.00995 0.98011 0.00362 0.00633
0.01808 0.84087 0.06555 0.07550
0.01944 0.91230 0.02306 0.04521
0.03797 0.44937 0.03752 0.47514
0.15597 0.27170 0.09584 0.47649
0.08906 0.77667 0.03933 0.09494
0.09539 0.65913 0.06239 0.18309
0.13246 0.48327 0.20253 0.18174
0.11031 0.47604 0.19892 0.21474
0.12839 0.44620 0.21248 0.21293
0.11528 0.45072 0.20660 0.22740

>ZNF648 ZNF648_CHS_GHTS
0.11573 0.19892 0.58183 0.10353
0.11438 0.29476 0.38472 0.20615
0.09132 0.26899 0.56374 0.07595
0.12884 0.30651 0.46790 0.09675
0.11618 0.43490 0.11664 0.33228
0.01085 0.96700 0.01718 0.00497
0.64286 0.19394 0.08092 0.08228
0.01356 0.19982 0.75542 0.03119
0.05922 0.70163 0.12342 0.11573
0.14964 0.14919 0.53526 0.16591
0.05967 0.51311 0.25271 0.17450
0.07866 0.55561 0.15235 0.21338
0.09539 0.37523 0.31239 0.21700
0.08906 0.46745 0.24005 0.20344
0.06284 0.62342 0.12884 0.18490
0.06510 0.54476 0.13924 0.25090
0.12432 0.51221 0.17224 0.19123
0.12749 0.52712 0.20615 0.13924
0.15054 0.28933 0.37703 0.18309
0.05967 0.52260 0.29385 0.12387
0.03029 0.46971 0.23327 0.26673
0.04114 0.47604 0.08273 0.40009
0.01763 0.54204 0.04340 0.39693
0.01447 0.79702 0.01356 0.17495
0.00904 0.88065 0.04159 0.06872
0.02351 0.74910 0.05651 0.17089
0.10669 0.54747 0.08273 0.26311
0.10850 0.50497 0.08047 0.30606
0.11709 0.53978 0.07143 0.27170
0.11076 0.64376 0.07414 0.17134

>ZNF648 ZNF648_GHTS_CHS
0.21554 0.11836 0.50815 0.15795
0.02342 0.41487 0.29560 0.26611
0.00013 0.97625 0.02349 0.00013
0.00013 0.00021 0.05144 0.94822
0.00013 0.81088 0.08984 0.09915
0.00013 0.99022 0.00021 0.00945
0.00945 0.85232 0.10461 0.03363
0.00013 0.88774 0.00021 0.11193
