>MYPOP rap1
0.24966 0.25412 0.24981 0.2462
0.23379 0.2493 0.27463 0.24228
0.25365 0.21084 0.2121 0.32341
0.10176 0.15688 0.12591 0.61544
0.598 0.06554 0.05196 0.2845
0.04333 0.01481 0.92511 0.01674
0.00164 0.9951 0.0 0.00326
0.01254 0.0 0.98746 0.0
0.0349 0.83669 0.01654 0.11187
0.40608 0.31689 0.13158 0.14546
0.3983 0.19816 0.24363 0.15991
0.28996 0.24169 0.20586 0.2625
0.24483 0.27698 0.23528 0.24291
0.24132 0.25425 0.25787 0.24657

>MYPOP ibis1
0.19018 0.39206 0.23442 0.18334
0.13497 0.15356 0.52501 0.18645
0.20785 0.11535 0.16326 0.51354
0.03747 0.05733 0.04562 0.85959
0.2792 0.02548 0.13855 0.55677
0.03417 0.00101 0.95331 0.01151
0.0012 0.99537 0.00099 0.00244
0.00201 0.00024 0.99722 0.00053
0.02089 0.8342 0.0057 0.13921
0.33839 0.14339 0.08154 0.43667
0.69852 0.05388 0.14506 0.10254
0.35867 0.11208 0.23672 0.29253
0.14659 0.39148 0.25664 0.2053

>SP140L rap2
0.24322 0.24563 0.25433 0.25681
0.24726 0.24766 0.26737 0.23771
0.28358 0.20231 0.2546 0.25951
0.13185 0.27254 0.10117 0.49444
0.13149 0.17937 0.54804 0.1411
0.74771 0.05359 0.05731 0.14138
0.00563 0.99436 0.0 0.0
0.00795 0.0 0.98995 0.0021
0.04054 0.00382 0.01177 0.94388
0.59868 0.0785 0.21026 0.11255
0.38166 0.21678 0.22029 0.18126
0.28378 0.23274 0.23294 0.25054
0.26638 0.24627 0.22614 0.26121
0.24133 0.28011 0.23737 0.24121

>SP140L ibis2
0.20554 0.37404 0.13368 0.28673
0.28388 0.07725 0.53699 0.10188
0.0031 0.92465 0.00581 0.06645
0.38227 0.00197 0.61023 0.00553
0.00462 0.7273 0.0 0.26807
0.04964 0.03946 0.89541 0.01549
0.23529 0.45202 0.08576 0.22693
0.13872 0.77586 0.05679 0.02863
0.23866 0.41207 0.28221 0.06705
0.26141 0.21857 0.19394 0.32607
0.48284 0.03813 0.45043 0.0286
0.2449 0.33469 0.19592 0.22449

>SP140L 1_my_algo
0.60583 0.11503 0.1365 0.14264
0.15231 0.62615 0.07692 0.14462
0.12308 0.07077 0.70769 0.09846
0.09202 0.07362 0.05368 0.78067
0.04448 0.06288 0.02607 0.86656
0.1135 0.07055 0.64417 0.17178
0.91718 0.02301 0.0184 0.04141
0.03538 0.92769 0.01231 0.02462
0.04462 0.01692 0.88462 0.05385
0.05085 0.04777 0.04006 0.86133
0.34049 0.21166 0.21626 0.2316

>SP140L 2_my_algo
0.16216 0.16216 0.14054 0.53514
0.11351 0.12973 0.04865 0.70811
0.10753 0.09677 0.69892 0.09677
0.80978 0.07609 0.04348 0.07065
0.0 1.0 0.0 0.0
0.0 0.0 1.0 0.0
0.0 0.0 0.0 1.0
0.6087 0.13043 0.13043 0.13043

>TPRX1 rap3
0.25772 0.23756 0.26183 0.24288
0.25183 0.24402 0.24766 0.25648
0.28473 0.22389 0.24738 0.24401
0.24022 0.29527 0.28122 0.18328
0.2591 0.09029 0.57807 0.07254
0.04154 0.00463 0.9438 0.01004
0.96692 0.03158 0.0 0.0015
0.0 0.0 0.0 1.0
0.05441 0.05026 0.00492 0.89041
0.87496 0.01756 0.01403 0.09345
0.29233 0.16582 0.23905 0.3028
0.22963 0.29034 0.22441 0.25562
0.26101 0.2581 0.25267 0.22822
0.24396 0.25313 0.24848 0.25374

>TPRX1 ibis3
0.29531 0.28142 0.16214 0.26113
0.03967 0.00436 0.00627 0.94971
0.93042 0.00348 0.03975 0.02635
0.9759 0.0 0.00084 0.02325
0.01743 0.00743 0.04348 0.93166
0.02897 0.95259 0.01266 0.00578
0.03277 0.75215 0.15814 0.05693
0.05526 0.12172 0.66559 0.15744
0.61812 0.1301 0.0534 0.19838
0.09472 0.03517 0.02672 0.84339
0.52692 0.24369 0.07043 0.15897
0.93986 0.00996 0.01306 0.03712
0.21574 0.159 0.21919 0.40607

>TPRX1 1_my_algo1
0.84674 0.0 0.07987 0.07339
0.95055 0.0 0.0 0.04945
0.0 0.02059 0.06838 0.91103
0.02305 0.97019 0.0 0.00676
0.03735 0.80958 0.05794 0.09512

>TPRX1 2_my_algo1
0.19308 0.13297 0.06193 0.61202
0.67347 0.09524 0.10884 0.12245
0.97931 0.0 0.0 0.02069
0.02013 0.04027 0.08054 0.85906
0.0604 0.88591 0.04027 0.01342
0.08054 0.7651 0.04698 0.10738
0.03425 0.05479 0.78767 0.12329
0.7027 0.10135 0.06757 0.12838
0.1434 0.29063 0.08413 0.48184
0.62162 0.09459 0.08108 0.2027

>ZFTA rap4
0.25255 0.25441 0.26067 0.23237
0.24304 0.26141 0.25744 0.23811
0.2339 0.254 0.25009 0.26201
0.2174 0.20746 0.40621 0.16893
0.11208 0.08913 0.65737 0.14142
0.04476 0.02945 0.88971 0.03608
0.02728 0.0 0.93525 0.03747
0.01133 0.91509 0.06228 0.01129
0.01586 0.88684 0.04365 0.05365
0.34898 0.51192 0.06427 0.07483
0.17668 0.43122 0.1836 0.2085
0.2875 0.20583 0.21956 0.28711
0.24712 0.23668 0.26522 0.25098
0.24015 0.27805 0.25452 0.22728

>ZFTA ibis4
0.15994 0.34609 0.21342 0.28055
0.46429 0.13927 0.23375 0.16269
0.1391 0.02454 0.83105 0.00531
0.00244 0.01148 0.98499 0.0011
0.00309 0.03144 0.96533 0.00013
0.00207 0.08236 0.91558 0.0
0.01913 0.88293 0.08908 0.00887
0.01209 0.92347 0.05834 0.00611
0.77838 0.09582 0.06955 0.05626
0.08356 0.78307 0.09107 0.04229
0.50878 0.06915 0.28986 0.13222
0.21116 0.28483 0.28802 0.216

>ZFTA 1_my_algo2
0.57865 0.14045 0.14607 0.13483
0.12155 0.09392 0.71823 0.0663
0.0 0.0 0.99448 0.00552
0.0221 0.0 0.9779 0.0
0.0 0.04972 0.95028 0.0
0.01105 0.98343 0.00552 0.0
0.00552 0.99448 0.0 0.0
0.84746 0.14124 0.0 0.0113
0.12155 0.77901 0.06077 0.03867
0.56667 0.13889 0.14444 0.15

>ZFTA 2_my_algo2
0.49456 0.14609 0.1972 0.16216
0.17777 0.05617 0.72143 0.04463
0.00043 0.0 0.99396 0.00561
0.00873 0.0 0.99127 0.0
0.00259 0.01326 0.98286 0.00129
0.00517 0.99321 0.00162 0.0
0.00151 0.99698 0.0 0.00151
0.8759 0.10652 0.00776 0.00981
0.07622 0.86794 0.02868 0.02717
0.58926 0.11514 0.14661 0.14899

>GCM1 rap5
0.25228 0.24353 0.26523 0.23896
0.23715 0.26447 0.25365 0.24474
0.21863 0.27599 0.26898 0.2364
0.48491 0.21226 0.20213 0.1007
0.08291 0.07644 0.04663 0.79402
0.25833 0.11691 0.61734 0.00742
0.11899 0.721 0.09723 0.06278
0.02482 0.0196 0.86334 0.09224
0.0009 0.00901 0.98665 0.00343
0.00354 0.00504 0.98945 0.00197
0.12079 0.36786 0.08107 0.43028
0.28264 0.25297 0.24923 0.21515
0.21806 0.29427 0.25477 0.2329
0.24895 0.27263 0.22987 0.24832

>GCM1 ibis5
0.17168 0.41923 0.23956 0.16953
0.14773 0.45266 0.37449 0.02512
0.13404 0.52864 0.27793 0.05939
0.09097 0.35745 0.06692 0.48466
0.60889 0.19278 0.15667 0.04167
0.0032 0.99487 0.0 0.00193
0.00703 0.98953 0.00344 0.0
0.02864 0.96374 0.00481 0.00281
0.07507 0.23281 0.65435 0.03778
0.00937 0.94347 0.0 0.04716
0.81008 0.15312 0.01618 0.02062
0.04258 0.3332 0.04027 0.58394
0.19437 0.44554 0.26077 0.09932
0.26302 0.36232 0.20062 0.17405

>GCM1 1_my_algo3
0.08673 0.11224 0.04592 0.7551
0.11111 0.10101 0.78788 0.0
0.07614 0.86294 0.04061 0.0203
0.08081 0.08586 0.74747 0.08586
0.00505 0.0101 0.9798 0.00505
0.0 0.03665 0.96335 0.0
0.24823 0.16368 0.3981 0.19

>GCM1 2_my_algo3
0.11579 0.16949 0.10481 0.60992
0.13069 0.12742 0.69931 0.04258
0.0868 0.77301 0.08254 0.05765
0.08543 0.08805 0.73421 0.09231
0.01865 0.03338 0.9159 0.03207
0.01571 0.03109 0.92997 0.02323
0.06448 0.76334 0.06939 0.10278
0.14337 0.1054 0.6527 0.09853
0.08802 0.75884 0.08606 0.06708
0.18952 0.52269 0.15656 0.13123
0.10014 0.26287 0.39452 0.24247
0.06303 0.36211 0.34826 0.2266
0.40941 0.17174 0.24043 0.17842

>MSANTD1 rap6
0.25155 0.23948 0.23406 0.2749
0.239 0.23637 0.27375 0.25089
0.23735 0.2896 0.22196 0.25109
0.47256 0.1421 0.17899 0.20635
0.09402 0.63463 0.12089 0.15046
0.02423 0.0293 0.02588 0.9206
0.03068 0.01646 0.01142 0.94144
0.87666 0.04516 0.04423 0.03395
0.84517 0.03939 0.0283 0.08714
0.23778 0.14556 0.47569 0.14097
0.30668 0.16833 0.11415 0.41084
0.22673 0.18247 0.30843 0.28238
0.26213 0.26148 0.2406 0.2358
0.23033 0.24813 0.24451 0.27703

>MSANTD1 ibis6
0.2624 0.18834 0.38932 0.15994
0.19315 0.18772 0.48088 0.13825
0.15075 0.47442 0.21306 0.16178
0.81587 0.00493 0.09192 0.08728
0.02053 0.82322 0.11343 0.04282
0.00315 0.00227 0.03182 0.96276
0.00383 0.00211 0.01764 0.97642
0.96733 0.0028 0.02222 0.00765
0.95606 0.00777 0.02717 0.00899
0.01531 0.01758 0.95711 0.01
0.08813 0.03243 0.04543 0.83401
0.12012 0.07733 0.66624 0.13631
0.14594 0.24107 0.38761 0.22538

>MSANTD1 1_my_algo4
0.21324 0.25 0.30147 0.23529
0.2 0.28148 0.31111 0.20741
0.35294 0.18382 0.25735 0.20588
0.10145 0.60145 0.15942 0.13768
0.0 0.06154 0.13077 0.80769
0.0 0.0 0.01449 0.98551
0.97826 0.01449 0.0 0.00725
0.8963 0.06667 0.03704 0.0
0.0 0.09016 0.90984 0.0
0.17037 0.15556 0.1037 0.57037
0.19565 0.18841 0.35507 0.26087

>MSANTD1 2_my_algo4
0.19476 0.28319 0.29321 0.22885
0.44761 0.14159 0.26605 0.14476
0.04815 0.81358 0.07197 0.0663
0.0 0.0 0.00562 0.99438
0.0 0.0 0.0 1.0
1.0 0.0 0.0 0.0
0.99274 0.00368 0.00358 0.0
0.0 0.02758 0.97242 0.0
0.1552 0.09217 0.06676 0.68587
0.19177 0.16274 0.39642 0.24907

>MKX rap7
0.26598 0.25637 0.22824 0.24941
0.2461 0.20864 0.19509 0.35016
0.23016 0.20632 0.25106 0.31245
0.1607 0.10615 0.1078 0.62535
0.79601 0.06553 0.06541 0.07305
0.02088 0.92918 0.0193 0.03064
0.91014 0.02244 0.01223 0.0552
0.13141 0.10294 0.03448 0.73117
0.20809 0.14138 0.42995 0.22057
0.16467 0.17997 0.10268 0.55268
0.29281 0.19815 0.1566 0.35244
0.24883 0.26523 0.1968 0.28914
0.29077 0.25935 0.20869 0.24118
0.24901 0.24172 0.24229 0.26661

>MKX ibis7
0.26296 0.3083 0.07227 0.35648
0.44028 0.22401 0.15596 0.17975
0.29981 0.29207 0.10574 0.30238
0.67431 0.10526 0.08176 0.13868
0.43077 0.15138 0.16751 0.25033
0.78454 0.02598 0.02901 0.16047
0.93485 0.00945 0.01272 0.04298
0.00236 0.97784 0.01088 0.00892
0.99901 1e-05 1e-05 0.00098
0.09757 0.05336 1e-05 0.84906
0.12277 0.04595 0.79951 0.03176
0.42522 0.13163 0.08807 0.35509
0.4408 0.23848 0.07545 0.24527
0.60604 0.26151 0.04171 0.09074

>MKX 1_my_algo5
0.10569 0.21951 0.57724 0.09756
0.032 0.104 0.832 0.032
0.056 0.12 0.808 0.016
0.04 0.864 0.064 0.032
0.064 0.792 0.104 0.04
0.064 0.824 0.064 0.048
0.04878 0.09756 0.8374 0.01626
0.05691 0.13008 0.7561 0.05691

>MKX 2_my_algo5
0.04092 0.03581 0.83818 0.08509
0.04691 0.02766 0.83408 0.09135
0.04617 0.02871 0.83618 0.08893
0.05901 0.03145 0.06058 0.84896
0.06001 0.03786 0.82987 0.07226
0.03034 0.05911 0.82424 0.0863
0.05848 0.04791 0.8163 0.07731
0.05439 0.04402 0.84636 0.05523
0.17544 0.21053 0.4269 0.18713
0.2125 0.16875 0.40625 0.2125
0.18 0.13333 0.43333 0.25333

>CREB3L3 ibis8
0.72788 0.05025 0.18487 0.037
0.03934 0.0757 0.07526 0.8097
0.02235 0.20878 0.75633 0.01254
0.90175 0.01751 0.05211 0.02863
0.0242 0.90983 0.04456 0.0214
0.01951 0.02053 0.95606 0.0039
0.01163 0.0159 0.01455 0.95792
0.0 0.10393 0.89123 0.00484
0.09614 0.09707 0.75087 0.05592
0.08056 0.82537 0.0516 0.04248
0.6723 0.09115 0.21412 0.02243
0.12746 0.30456 0.3708 0.19718
0.16117 0.19893 0.24957 0.39033

>CREB3L3 1_my_algo6
0.89951 0.0 0.05344 0.04705
0.0513 0.86175 0.02265 0.06431
0.08153 0.00706 0.88672 0.0247
0.0 0.0 0.0 1.0
0.07993 0.06209 0.7283 0.12967

>CREB3L3 2_my_algo6
1.0 0.0 0.0 0.0
0.0 1.0 0.0 0.0
0.0 0.0 1.0 0.0
0.0 0.0 0.0 1.0
0.0 0.0 0.97441 0.02559
0.0 0.0 0.87041 0.12959
0.13809 0.83977 0.0 0.02214

>CREB3L3 3_my_algo0
0.92485 0.0 0.07515 0.0
0.0 0.95924 0.0 0.04076
0.03098 0.0 0.96902 0.0
0.0 0.0 0.0 1.0
0.01753 0.02342 0.95905 0.0
0.05593 0.016 0.72924 0.19884
0.23055 0.6578 0.0 0.11164
0.52126 0.17357 0.14745 0.15771

>ZNF286B ibis9
0.79602 0.01419 0.04996 0.13983
0.53853 0.0172 0.42938 0.0149
0.08954 0.05436 0.71089 0.14521
0.02246 0.93943 0.01551 0.0226
0.01729 0.05192 0.00938 0.92141
0.01273 0.96149 0.00867 0.01711
0.83685 0.02496 0.12562 0.01257
0.0055 0.01404 0.02189 0.95857
0.01293 0.02458 0.01024 0.95225
0.86763 0.10305 0.01611 0.01321
0.01608 0.95016 0.01367 0.02009
0.10264 0.58764 0.03786 0.27186
0.18148 0.06144 0.17087 0.58621
0.30659 0.24938 0.21022 0.23382

>ZNF780B ibis10
0.24112 0.13564 0.61711 0.00614
0.02115 0.94419 0.00585 0.02881
0.03725 0.00527 0.00899 0.94849
0.00099 0.01499 0.98026 0.00375
0.0 0.99847 0.0 0.00153
0.06634 0.00862 0.00151 0.92353
0.00922 0.00278 0.90296 0.08504
0.80085 0.09952 0.03596 0.06368
0.89906 0.03168 0.00779 0.06146
0.89205 0.01771 0.03756 0.05267
0.02441 0.89186 0.04514 0.03859
0.21684 0.40137 0.26113 0.12066
0.26111 0.18259 0.4047 0.1516
0.1287 0.605 0.23302 0.03328

>ZNF780B 1_my_algo7
0.27005 0.21551 0.35882 0.15561
0.08507 0.76244 0.06688 0.08561
0.01756 0.0 0.0 0.98244
0.00214 0.00428 0.9893 0.00428
0.00267 0.99519 0.0 0.00214
0.00214 0.02299 0.0 0.97487
0.04385 0.00428 0.80428 0.14759
0.84521 0.02839 0.05142 0.07499
0.95241 0.00428 0.00963 0.03369
0.74183 0.04553 0.09963 0.11302
0.17282 0.5527 0.12681 0.14767

>ZNF780B 2_my_algo7
0.27154 0.21094 0.36514 0.15239
0.10167 0.72436 0.07614 0.09783
0.04386 0.04002 0.03346 0.88266
0.02982 0.02666 0.91392 0.0296
0.01921 0.94892 0.01401 0.01786
0.01447 0.03752 0.00701 0.941
0.05874 0.02011 0.73678 0.18437
0.79403 0.04454 0.06851 0.09292
0.83977 0.03774 0.04407 0.07842
0.62268 0.07704 0.15545 0.14483
0.18766 0.50373 0.14492 0.16369

>ZNF780B 3_my_algo1
0.30488 0.16667 0.5 0.02846
0.09139 0.74517 0.06766 0.09578
0.03166 0.02785 0.02404 0.91645
0.01552 0.00791 0.95782 0.01875
0.00674 0.98124 0.00703 0.00498
0.00791 0.02022 0.00176 0.97011
0.03515 0.01318 0.7478 0.20387
0.8027 0.03841 0.06362 0.09528
0.85702 0.0293 0.04219 0.07149
0.60687 0.0687 0.10687 0.21756
0.2125 0.4875 0.125 0.175

>FIZ1 ibis11
0.05627 0.69654 0.21143 0.03576
0.00184 0.00754 0.97168 0.01893
0.02469 0.86477 0.05712 0.05343
0.69703 0.08982 0.06016 0.15299
0.02409 0.09621 0.79107 0.08862
0.25845 0.0821 0.65064 0.00881
0.78007 0.00431 0.18384 0.03178
0.00508 0.02475 0.03019 0.93997
0.00825 0.00208 0.12828 0.86139
0.00777 0.8966 0.05503 0.0406
0.0087 0.00064 0.98758 0.00309
0.49122 0.37162 0.09627 0.04089
0.93329 0.03955 0.02682 0.00035
0.00091 0.70017 0.04119 0.25773

>FIZ1 1_my_algo8
0.15409 0.16143 0.51864 0.16584
0.13684 0.54903 0.1197 0.19444
0.43715 0.17443 0.15989 0.22853
0.18853 0.12941 0.49074 0.19132
0.44366 0.08175 0.43757 0.03701
0.78323 0.04149 0.05927 0.116
0.05165 0.06689 0.01948 0.86198
0.0313 0.0423 0.03299 0.8934
0.07451 0.74174 0.04657 0.13717
0.04915 0.02627 0.87712 0.04746
0.78257 0.15736 0.01523 0.04484
0.91688 0.01781 0.03902 0.02629
0.06901 0.49001 0.01998 0.421
0.11003 0.32698 0.11646 0.44653
0.19481 0.43136 0.20123 0.17259
0.37532 0.12775 0.21736 0.27957

>FIZ1 2_my_algo8
0.18999 0.13571 0.55386 0.12044
0.78323 0.04149 0.05927 0.116
0.05165 0.06689 0.01948 0.86198
0.0313 0.0423 0.03299 0.8934
0.07451 0.74174 0.04657 0.13717
0.04915 0.02627 0.87712 0.04746
0.78257 0.15736 0.01523 0.04484
0.91688 0.01781 0.03902 0.02629
0.11421 0.59222 0.06345 0.23012
0.14987 0.13802 0.1431 0.56901

>FIZ1 3_my_algo2
0.12454 0.13259 0.59108 0.1518
0.08922 0.64192 0.10599 0.16287
0.49056 0.13566 0.1826 0.19118
0.19548 0.09585 0.51427 0.1944
0.43396 0.04935 0.49734 0.01935
0.875 0.0 0.025 0.1
0.0049 0.05392 0.0 0.94118
0.0049 0.04412 0.0049 0.94608
0.07843 0.77941 0.04902 0.09314
0.02451 0.0 0.95588 0.01961
0.88235 0.10784 0.0049 0.0049
0.98039 0.0 0.0049 0.01471
0.05473 0.75622 0.02488 0.16418
0.15232 0.27321 0.1146 0.45986
0.18334 0.44061 0.21686 0.15919
0.478 0.10976 0.22408 0.18816

>ZNF831 ibis12
0.11883 0.66214 0.07527 0.14376
0.18448 0.47606 0.1861 0.15336
0.09546 0.60926 0.03828 0.257
0.04043 0.01677 0.94039 0.00241
0.09052 0.00034 0.88239 0.02675
0.77758 0.014 0.14296 0.06546
0.65892 0.04432 0.0693 0.22746
0.05936 0.1338 0.00562 0.80123
0.0096 0.90891 0.00723 0.07426
0.01644 0.85232 0.00596 0.12528
0.03421 0.88908 0.04872 0.028
0.07978 0.4014 0.44362 0.0752
0.18684 0.1786 0.49479 0.13976
0.23911 0.15151 0.47292 0.13646

>ZNF831 1_my_algo9
0.06998 0.05042 0.80149 0.07811
0.09329 0.0 0.88175 0.02496
0.0873 0.0 0.88707 0.02563
0.80493 0.00751 0.09104 0.09651
0.14007 0.11295 0.03905 0.70792
0.063 0.10251 0.01599 0.8185
0.03242 0.89458 0.0 0.073
0.0 0.8715 0.0 0.1285

>ZNF831 2_my_algo9
0.10762 0.0809 0.71596 0.09552
0.09562 0.01964 0.84744 0.0373
0.06396 0.01638 0.87349 0.04617
0.80945 0.02543 0.07729 0.08783
0.09902 0.10657 0.04889 0.74553
0.07377 0.06586 0.02971 0.83066
0.05798 0.84487 0.01876 0.07839
0.08021 0.78334 0.0 0.13644

>ZNF831 3_my_algo3
0.10751 0.0839 0.7105 0.09809
0.09529 0.02146 0.84701 0.03625
0.06216 0.01592 0.87238 0.04954
0.81481 0.02471 0.07512 0.08536
0.09623 0.10357 0.04987 0.75033
0.07636 0.064 0.03355 0.82609
0.06103 0.84218 0.0206 0.07619
0.0765 0.73015 0.06805 0.1253

>ZNF721 ibis13
0.30432 0.23866 0.34355 0.11348
0.59679 0.12983 0.2123 0.06108
0.77569 0.07954 0.07954 0.06522
0.8655 0.05012 0.06192 0.02246
0.75984 0.20853 0.01994 0.01169
0.88125 0.08188 0.01314 0.02372
0.39584 0.04526 0.55783 0.00107
0.08169 0.8342 0.03787 0.04624
0.79266 0.01976 0.07962 0.10796
0.03489 0.0642 0.79497 0.10594
0.11181 0.38052 0.15461 0.35306
0.14873 0.18255 0.62651 0.04221
0.01631 0.33414 0.09934 0.55021

>ZNF500 ibis14
0.2007 0.52808 0.14459 0.12663
0.10402 0.19773 0.60216 0.09608
0.02339 0.80166 0.0805 0.09445
0.02239 0.03677 0.93906 0.00177
0.04318 0.02048 0.00579 0.93056
0.04768 0.93712 0.01331 0.00189
0.00562 0.10295 0.04674 0.84468
0.98063 0.00931 0.0016 0.00846
0.00413 0.93951 0.01545 0.04091
0.9652 0.02163 0.0107 0.00247
0.00926 0.98445 0.00629 0.0
0.06572 0.38636 0.09043 0.45749
0.408 0.07559 0.19666 0.31975
0.28673 0.35785 0.187 0.16842

>ZNF500 1_my_algo10
0.0 0.10101 0.80808 0.09091
0.0 0.07547 0.03774 0.88679
0.04545 0.07273 0.86364 0.01818
0.03636 0.05455 0.04545 0.86364
0.73394 0.08257 0.14679 0.0367
0.00909 0.08182 0.88182 0.02727
0.76364 0.09091 0.06364 0.08182
0.0 0.81 0.11 0.08

>ZNF500 2_my_algo10
0.18658 0.41735 0.25532 0.14075
0.14833 0.25518 0.40032 0.19617
0.06163 0.64561 0.14946 0.1433
0.06818 0.03535 0.89646 0.0
0.00988 0.04198 0.03457 0.91358
0.01229 0.93857 0.04423 0.00491
0.00985 0.21921 0.03941 0.73153
0.86732 0.0688 0.02211 0.04177
0.0396 0.77475 0.11386 0.07178
0.83704 0.0642 0.05185 0.04691
0.16693 0.4727 0.14665 0.21373

>ZNF500 3_my_algo4
0.14795 0.19786 0.48307 0.17112
0.07993 0.64654 0.13677 0.13677
0.05684 0.03908 0.88455 0.01954
0.01779 0.05694 0.0516 0.87367
0.01773 0.92021 0.05496 0.00709
0.02131 0.22202 0.0444 0.71226
0.84547 0.08348 0.02487 0.04618
0.04093 0.78648 0.10142 0.07117
0.82353 0.06595 0.05704 0.05348
0.09786 0.69395 0.1121 0.09609

>ZBTB47 ibis15
0.00868 0.14138 0.55426 0.29567
0.67303 0.06621 0.16014 0.10062
0.9157 0.01052 0.02903 0.04475
0.79949 0.05709 0.0914 0.05203
0.03456 0.0632 0.85854 0.0437
0.05788 0.05149 0.8609 0.02974
0.04514 0.00903 0.92515 0.02068
0.00152 0.0 0.08469 0.91379
0.00545 0.0 0.01488 0.97967
0.92231 0.0 0.00445 0.07324
0.99655 0.0 0.00344 0.0
0.20424 0.261 0.13183 0.40293
0.1983 0.10394 0.39924 0.29852
0.21704 0.0834 0.42763 0.27193

>CAMTA1 1_my_algo_chs
0.10446 0.15982 0.64732 0.08839
0.0901 0.17395 0.69224 0.04371
0.05546 0.1449 0.76297 0.03667
0.0223 0.1231 0.84032 0.01427
0.0785 0.80285 0.08029 0.03836
0.05714 0.10179 0.77143 0.06964
0.03211 0.12756 0.80999 0.03033
0.09277 0.1231 0.74665 0.03747
0.0562 0.06958 0.83854 0.03568
0.12489 0.61017 0.16414 0.1008

>CAMTA1 2_my_algo_chs
0.09855 0.16163 0.65177 0.08804
0.08673 0.18265 0.69382 0.03679
0.04731 0.14717 0.78055 0.02497
0.02487 0.12173 0.84424 0.00916
0.07068 0.80366 0.09555 0.0301
0.04843 0.09817 0.78665 0.06675
0.0288 0.13351 0.81021 0.02749
0.09198 0.13798 0.74244 0.0276
0.04456 0.05636 0.86632 0.03277
0.11958 0.62155 0.16557 0.0933

>CAMTA1 1_my_algo_ghts
0.10526 0.13158 0.10526 0.65789
0.07692 0.02564 0.89744 0.0
0.0 0.10256 0.0 0.89744
0.07317 0.02439 0.90244 0.0
0.0 0.10256 0.0 0.89744
0.09756 0.02439 0.87805 0.0
0.0 0.07317 0.0 0.92683
0.05 0.05 0.9 0.0

>CAMTA1 2_my_algo_ghts
0.10173 0.22727 0.34416 0.32684
0.05316 0.05652 0.85541 0.03492
0.04707 0.14458 0.05755 0.75081
0.05135 0.04553 0.87261 0.03052
0.05185 0.13318 0.09103 0.72395
0.05819 0.06724 0.8659 0.00866
0.00789 0.05353 0.01138 0.9272
0.02535 0.03259 0.92332 0.01875
0.04731 0.23441 0.13548 0.5828
0.14537 0.06828 0.62335 0.163
0.06742 0.16629 0.30337 0.46292
0.12329 0.07306 0.5274 0.27626
0.04492 0.12766 0.37352 0.4539
0.09246 0.04136 0.50852 0.35766

>ZBED5 1_my_algo_chs1
0.1 0.1 0.1 0.7
0.07246 0.05797 0.04348 0.82609
0.02778 0.04167 0.05556 0.875
0.05556 0.04167 0.05556 0.84722
0.05556 0.02778 0.08333 0.83333
0.06944 0.05556 0.06944 0.80556
0.08333 0.04167 0.05556 0.81944
0.05556 0.04167 0.02778 0.875
0.01389 0.04167 0.04167 0.90278
0.0 0.0 0.0 1.0

>ZBED5 2_my_algo_chs1
0.11296 0.10514 0.08106 0.70084
0.07184 0.05158 0.03652 0.84006
0.04173 0.03571 0.0618 0.86075
0.02748 0.02126 0.03771 0.91354
0.04915 0.04092 0.04574 0.86419
0.03651 0.03089 0.03932 0.89328
0.04855 0.0317 0.05095 0.86881
0.03972 0.02126 0.02387 0.91515
0.01705 0.04072 0.04734 0.89488
0.0 0.0 0.0 1.0
0.32988 0.29909 0.37102 0.0

>ZBED5 1_my_algo_ghts1
0.01163 0.95349 0.0 0.03488
0.92045 0.02273 0.03409 0.02273
0.01111 0.94444 0.0 0.04444
0.02222 0.91111 0.01111 0.05556
0.81522 0.03261 0.09783 0.05435
0.0404 0.31313 0.0101 0.63636
0.0 0.86667 0.0 0.13333
0.81481 0.0 0.07407 0.11111
0.0 0.87273 0.0 0.12727
0.0 0.96364 0.0 0.03636
0.85455 0.01818 0.05455 0.07273
0.0 0.87273 0.0 0.12727
0.0 0.94545 0.0 0.05455
0.89091 0.0 0.05455 0.05455
0.0 0.87037 0.0 0.12963
0.0 0.87234 0.0 0.12766
0.93939 0.0 0.0303 0.0303
0.0 0.75258 0.01031 0.23711
0.02105 0.96842 0.0 0.01053
0.93617 0.0 0.04255 0.02128
0.02151 0.75269 0.0 0.22581
0.0 0.94624 0.01075 0.04301

>ZBED5 2_my_algo_ghts1
0.76923 0.0 0.07692 0.15385
0.0 0.71429 0.07143 0.21429
0.0 1.0 0.0 0.0
1.0 0.0 0.0 0.0
0.0 0.85714 0.0 0.14286
0.0 1.0 0.0 0.0

>USF3 1_my_algo_chs2
0.15473 0.46049 0.28848 0.0963
0.0883 0.6768 0.11992 0.11499
0.08772 0.85965 0.05263 0.0
0.84746 0.0339 0.08475 0.0339
0.0 0.94915 0.05085 0.0
0.0 0.0678 0.9322 0.0
0.03448 0.10345 0.05172 0.81034
0.0 0.0 1.0 0.0
0.11499 0.11992 0.6768 0.0883
0.0963 0.28848 0.46049 0.15473

>USF3 2_my_algo_chs2
0.1626 0.54472 0.15447 0.13821
0.06452 0.81452 0.06452 0.05645
0.04762 0.95238 0.0 0.0
0.88889 0.00794 0.05556 0.04762
0.0 0.96032 0.03968 0.0
0.0 0.024 0.976 0.0
0.01613 0.08871 0.01613 0.87903
0.00794 0.0 0.97619 0.01587
0.05645 0.09677 0.75806 0.08871
0.12 0.128 0.632 0.12

>USF3 1_my_algo_ghts2
0.31742 0.50742 0.16106 0.0141
0.07382 0.71247 0.08033 0.13339
0.05149 0.83765 0.058 0.05286
0.92013 0.02276 0.02413 0.03299
0.0 0.96107 0.0335 0.00544
0.00945 0.02712 0.95785 0.00558
0.03411 0.02971 0.03573 0.90045
0.06602 0.06637 0.79728 0.07033
0.19244 0.01952 0.73567 0.05237
0.01436 0.30842 0.39084 0.28639
0.13637 0.44979 0.20729 0.20655

>USF3 2_my_algo_ghts2
0.21368 0.45299 0.20085 0.13248
0.125 0.64655 0.11638 0.11207
0.03863 0.87983 0.04292 0.03863
0.97872 0.00426 0.01277 0.00426
0.0 0.96596 0.03404 0.0
0.01702 0.0383 0.94468 0.0
0.00426 0.00426 0.0 0.99149
0.0 0.04425 0.92035 0.0354
0.14592 0.09871 0.60086 0.15451
0.11966 0.2265 0.42735 0.2265

>ZNF518B 1_my_algo_chs3
0.67059 0.09412 0.09412 0.14118
0.78571 0.05952 0.09524 0.05952
0.77907 0.05814 0.05814 0.10465
0.7907 0.04651 0.10465 0.05814
0.76744 0.03488 0.11628 0.0814
0.80233 0.03488 0.11628 0.04651
0.76744 0.04651 0.09302 0.09302
1.0 0.0 0.0 0.0
0.0 0.29412 0.29412 0.41176

>ZNF518B 2_my_algo_chs3
0.32657 0.22683 0.19771 0.2489
0.12042 0.14102 0.0 0.73856
0.02798 0.95193 0.0 0.02009
0.04729 0.01588 0.01165 0.92518
0.98139 0.01134 0.00727 0.0
0.00548 0.95337 0.0 0.04116
0.86395 0.02118 0.00441 0.11046
0.12637 0.12213 0.67914 0.07236
0.54748 0.15002 0.15196 0.15055
0.32345 0.20463 0.24276 0.22917

>ZNF518B 1_my_algo_ghts3
0.07375 0.00868 0.86985 0.04772
0.15484 0.02151 0.75914 0.06452
0.05556 0.03205 0.11538 0.79701
0.11277 0.0234 0.81277 0.05106
0.46751 0.02725 0.43396 0.07128
0.18163 0.0551 0.0551 0.70816
0.05264 0.0267 0.80965 0.11101
0.12708 0.02716 0.74629 0.09946
0.09393 0.02914 0.10311 0.77381
0.06763 0.02762 0.80851 0.09624
0.12185 0.01637 0.83745 0.02432
0.07481 0.01851 0.04934 0.85734
0.27146 0.01397 0.67864 0.03593
0.06275 0.02834 0.05668 0.85223
0.05761 0.0144 0.88683 0.04115
0.23909 0.01871 0.70894 0.03326
0.05252 0.04202 0.07353 0.83193
0.08742 0.01706 0.83156 0.06397

>ZNF518B 2_my_algo_ghts3
0.19259 0.0037 0.75185 0.05185
0.0438 0.01825 0.07299 0.86496
0.06159 0.02536 0.88406 0.02899
0.46786 0.025 0.425 0.08214
0.17708 0.07292 0.05208 0.69792
0.10702 0.0 0.84281 0.05017
0.17519 0.0 0.78384 0.04097
0.03366 0.0 0.03291 0.93343
0.02328 0.0 0.94796 0.02877
0.17958 0.0 0.79654 0.02388
0.02783 0.00395 0.02388 0.94434
0.03446 0.0 0.92361 0.04193
0.13407 0.0 0.86593 0.0
0.02651 0.0 0.0 0.97349
0.07238 0.0 0.92762 0.0
0.31667 0.01 0.65333 0.02
0.02365 0.04392 0.04392 0.88851
0.07534 0.00685 0.88699 0.03082
0.27178 0.02787 0.67596 0.02439
0.07368 0.04561 0.04561 0.83509
0.07527 0.00358 0.87455 0.04659

>ZNF395 1_my_algo_chs4
0.09474 0.17895 0.72632 0.0
0.03 0.78 0.19 0.0
0.0 0.82524 0.17476 0.0
0.01961 0.07843 0.87255 0.02941
0.0 0.14563 0.85437 0.0
0.0 0.83673 0.16327 0.0
0.0 0.84466 0.12621 0.02913
0.01942 0.15534 0.79612 0.02913
0.04082 0.12245 0.83673 0.0
0.0 0.73256 0.26744 0.0

>ZNF395 2_my_algo_chs4
0.08979 0.20285 0.63183 0.07553
0.04061 0.72847 0.23092 0.0
0.01567 0.81576 0.15622 0.01235
0.01996 0.10266 0.84411 0.03327
0.0038 0.15187 0.84433 0.0
0.02421 0.79972 0.15235 0.02373
0.00759 0.83579 0.12957 0.02705
0.02993 0.12304 0.80475 0.04228
0.019 0.10879 0.84656 0.02565
0.07075 0.69373 0.17142 0.0641

>ZNF395 1_my_algo_ghts4
0.0 0.91118 0.08882 0.0
0.0 1.0 0.0 0.0
0.01526 0.0 0.98474 0.0
0.0 0.0 1.0 0.0
0.0 1.0 0.0 0.0
0.0 1.0 0.0 0.0
0.0 0.0 1.0 0.0
0.0 0.0 1.0 0.0

>ZNF395 2_my_algo_ghts4
0.15678 0.07203 0.75 0.02119
0.00422 0.92405 0.06329 0.00844
0.11905 0.62698 0.13492 0.11905
0.07937 0.11905 0.6746 0.12698
0.02326 0.10853 0.85271 0.0155
0.0 0.88281 0.10156 0.01562
0.11024 0.75591 0.04724 0.08661
0.04724 0.14173 0.72441 0.08661
0.06977 0.16279 0.69767 0.06977
0.0 0.85593 0.0339 0.11017

>MYF6 1_my_algo_chs5
0.07441 0.09602 0.09009 0.73948
0.03823 0.05123 0.08297 0.82757
0.02065 0.04837 0.06729 0.8637
0.02198 0.04072 0.06022 0.87708
0.0302 0.03728 0.06385 0.86867
0.0325 0.03823 0.07016 0.85911
0.04053 0.05314 0.06041 0.84592
0.0302 0.04053 0.03479 0.89448
0.00956 0.05066 0.0281 0.91168
0.0 0.0 0.0 1.0
0.31578 0.33967 0.34455 0.0

>MYF6 2_my_algo_chs5
0.33488 0.0 0.33812 0.327
0.17584 0.16802 0.55265 0.10349
0.0358 0.88084 0.05009 0.03327
0.7848 0.03895 0.06394 0.11231
0.01459 0.12539 0.84801 0.01201
0.01136 0.88211 0.08582 0.02072
0.07323 0.03692 0.04184 0.84801
0.00742 0.03108 0.94951 0.01199
0.0362 0.69759 0.09874 0.16748
0.1243 0.11831 0.07622 0.68116
0.11138 0.15658 0.6069 0.12514

>MYF6 1_my_algo_ghts5
0.10234 0.64806 0.09779 0.15181
0.77758 0.05136 0.13467 0.03639
0.01412 0.86172 0.03118 0.09298
0.8091 0.02351 0.14341 0.02398
0.01203 0.87245 0.02331 0.0922
0.80694 0.02303 0.14833 0.0217
0.01592 0.86061 0.02416 0.09931
0.81361 0.01516 0.15436 0.01687
0.00654 0.9747 0.00588 0.01289
0.80419 0.08284 0.07355 0.03943
0.16412 0.37165 0.1863 0.27793
0.0 0.31549 0.38782 0.2967

>MYF6 2_my_algo_ghts5
0.22951 0.31148 0.22951 0.22951
0.625 0.17857 0.19643 0.0
0.7541 0.04918 0.09836 0.09836
0.0 1.0 0.0 0.0
1.0 0.0 0.0 0.0
0.07937 0.09524 0.8254 0.0
0.0 0.80952 0.11111 0.07937
0.0 0.0 0.0 1.0
0.0 0.0 1.0 0.0
0.03226 0.06452 0.0 0.90323
0.0 0.24561 0.10526 0.64912
0.21311 0.31148 0.21311 0.2623

>ZNF648 1_my_algo_chs6
0.07071 0.48485 0.16162 0.28283
0.08081 0.57576 0.24242 0.10101
0.1 0.5 0.17 0.23
0.21782 0.23762 0.41584 0.12871
0.15686 0.26471 0.48039 0.09804
0.08654 0.22115 0.43269 0.25962
0.04292 0.09871 0.103 0.75536
0.0 0.88034 0.0641 0.05556
0.00426 0.94894 0.03404 0.01277
0.00426 0.88936 0.05106 0.05532
0.00851 0.94043 0.01277 0.0383
0.05556 0.04274 0.09402 0.80769
0.03404 0.82979 0.06383 0.07234
0.0515 0.82833 0.05579 0.06438
0.18269 0.53846 0.125 0.15385

>ZNF648 2_my_algo_chs6
0.20567 0.21986 0.4539 0.12057
0.15753 0.22603 0.45205 0.16438
0.24026 0.12987 0.57792 0.05195
0.12258 0.10323 0.67097 0.10323
0.43671 0.11392 0.36076 0.08861
0.52795 0.0559 0.37267 0.04348
0.07843 0.0915 0.80392 0.02614
0.03268 0.02614 0.93464 0.00654
0.06536 0.0915 0.84314 0.0
0.75817 0.13725 0.0915 0.01307
0.00654 0.02614 0.96078 0.00654
0.09804 0.71242 0.15686 0.03268
0.11656 0.40491 0.1411 0.33742
0.16981 0.20126 0.5283 0.10063
0.15686 0.20261 0.56209 0.07843
0.28477 0.2053 0.38411 0.12583
0.16107 0.33557 0.36913 0.13423
0.13699 0.36301 0.32192 0.17808

>ZNF648 1_my_algo_ghts6
0.11948 0.0 0.88052 0.0
0.21141 0.0 0.78859 0.0
0.02745 0.0 0.0 0.97255
0.0 0.0 1.0 0.0
0.21375 0.0 0.78625 0.0
0.02745 0.0 0.0 0.97255
0.01383 0.0 0.98617 0.0
0.15777 0.0 0.84223 0.0
0.00908 0.0 0.0 0.99092
0.0 0.0 1.0 0.0
0.35155 0.0 0.45471 0.19374

>ZNF648 2_my_algo_ghts6
0.06911 0.00407 0.89837 0.02846
0.19758 0.01613 0.73387 0.05242
0.03213 0.04418 0.07229 0.85141
0.09562 0.04781 0.80876 0.04781
0.54365 0.04365 0.3373 0.0754
0.10506 0.06226 0.02724 0.80545
0.1686 0.03198 0.74419 0.05523
0.09827 0.04046 0.05491 0.80636
0.06122 0.02624 0.86589 0.04665
0.17052 0.03179 0.74855 0.04913
0.10496 0.05248 0.06997 0.77259
0.06647 0.01445 0.87283 0.04624
0.1185 0.00867 0.84682 0.02601
0.08406 0.04058 0.08116 0.7942
0.28958 0.02317 0.66409 0.02317
0.01938 0.04264 0.03101 0.90698
0.05447 0.00778 0.9144 0.02335
0.25391 0.02734 0.69922 0.01953
0.05952 0.03175 0.04365 0.86508
0.072 0.008 0.884 0.036

>ZNF493 1_my_algo_chs7
0.14567 0.2874 0.45669 0.11024
0.12109 0.26953 0.39844 0.21094
0.36015 0.37165 0.13793 0.13027
0.46183 0.16412 0.29389 0.08015
0.19403 0.39552 0.26119 0.14925
0.10702 0.87544 0.0 0.01754
0.13953 0.82826 0.0322 0.0
0.74773 0.0 0.09074 0.16152

>ZNF493 2_my_algo_chs7
0.05 0.93333 0.01667 0.0
0.01667 0.76667 0.06667 0.15
0.68333 0.06667 0.13333 0.11667
0.13333 0.06667 0.63333 0.16667
0.28333 0.35 0.3 0.06667
0.5 0.33333 0.01667 0.15
0.0 0.88889 0.11111 0.0
0.82927 0.04878 0.07317 0.04878
0.0 0.07143 0.92857 0.0
0.0 0.02439 0.04878 0.92683
0.07143 0.0 0.7619 0.16667
0.0 0.90476 0.04762 0.04762
0.1 0.825 0.075 0.0
0.61017 0.13559 0.13559 0.11864

>ZNF493 1_my_algo_ghts7
0.0625 0.0 0.9375 0.0
0.22222 0.0 0.77778 0.0
0.05556 0.11111 0.0 0.83333
0.0 0.0 1.0 0.0
0.0 0.0 1.0 0.0
0.05556 0.0 0.0 0.94444
0.0 0.0 1.0 0.0

>ZNF493 2_my_algo_ghts7
0.01961 0.94118 0.03922 0.0
0.75 0.15385 0.0 0.09615
0.26415 0.07547 0.60377 0.0566
0.09434 0.0566 0.81132 0.03774
0.01887 0.07547 0.84906 0.0566
0.03774 0.92453 0.0 0.03774
0.71365 0.02671 0.15134 0.10831
0.06835 0.73551 0.12184 0.07429
0.08876 0.88018 0.00592 0.02515
0.04154 0.89021 0.04451 0.02374
0.82622 0.0 0.05183 0.12195
0.07407 0.08741 0.74815 0.09037
0.76923 0.09615 0.13462 0.0
0.15385 0.65385 0.01923 0.17308
0.0 0.92308 0.03846 0.03846
0.90385 0.05769 0.03846 0.0
0.01923 0.03846 0.92308 0.01923
0.03846 0.03846 0.0 0.92308

>PRDM13 1_my_algo_chs8
0.11164 0.59664 0.18397 0.10775
0.05193 0.83107 0.05697 0.06002
0.81053 0.05497 0.0689 0.06559
0.00331 0.87758 0.11533 0.00378
0.00494 0.99506 0.0 0.0
0.15752 0.10959 0.04016 0.69274
0.01777 0.07974 0.87684 0.02565
0.06239 0.73644 0.11091 0.09025

>PRDM13 2_my_algo_chs8
0.09364 0.69545 0.13 0.08091
0.65514 0.1101 0.12557 0.10919
0.02826 0.18505 0.77028 0.01641
0.02366 0.86715 0.08826 0.02093
0.71818 0.09364 0.09091 0.09727
0.02273 0.19364 0.76636 0.01727
0.01459 0.88241 0.09663 0.00638
0.69371 0.10392 0.08933 0.11304
0.0337 0.10291 0.84699 0.01639
0.06472 0.68642 0.18687 0.06199

>PRDM13 1_my_algo_ghts8
0.03788 0.88636 0.0 0.07576
0.88722 0.04511 0.03759 0.03008
0.05263 0.83459 0.03008 0.08271
0.08209 0.8209 0.01493 0.08209
0.73188 0.0942 0.0942 0.07971
0.02878 0.23741 0.10791 0.6259
0.10224 0.66134 0.10863 0.1278
0.6869 0.11182 0.11182 0.08946
0.03195 0.77636 0.07987 0.11182
0.02215 0.90823 0.02532 0.0443
0.78594 0.04153 0.08307 0.08946
0.04747 0.68987 0.12342 0.13924
0.02215 0.95253 0.0 0.02532
0.87342 0.02848 0.03481 0.06329
0.0414 0.72611 0.13694 0.09554
0.09265 0.78275 0.05112 0.07348
0.85612 0.02158 0.05036 0.07194
0.05072 0.6087 0.10145 0.23913
0.02174 0.88406 0.00725 0.08696
0.76471 0.07353 0.08088 0.08088
0.06015 0.64662 0.03008 0.26316
0.00769 0.87692 0.02308 0.09231

>PRDM13 2_my_algo_ghts8
0.0 1.0 0.0 0.0
1.0 0.0 0.0 0.0
0.0 0.83432 0.0 0.16568
0.0 1.0 0.0 0.0
0.97535 0.0 0.0 0.02465
0.0 0.71696 0.12327 0.15976
0.0 1.0 0.0 0.0
1.0 0.0 0.0 0.0
0.0 0.86193 0.04931 0.08876
0.0 1.0 0.0 0.0

>SALL3 1_my_algo_chs9
0.56863 0.05882 0.11765 0.2549
0.28431 0.05882 0.04902 0.60784
0.33333 0.13725 0.12745 0.40196
0.68932 0.05825 0.06796 0.18447
0.19417 0.05825 0.05825 0.68932
0.19417 0.09709 0.01942 0.68932
0.83785 0.0256 0.03966 0.09689
0.8787 0.01103 0.0 0.11028
0.05924 0.00502 0.00502 0.93072
0.926 0.0 0.0 0.074
0.15567 0.0 0.00806 0.83627
0.06015 0.0 0.01003 0.92982
0.86546 0.0 0.00753 0.12701
0.92431 0.00852 0.01003 0.05714
0.12444 0.04917 0.05469 0.7717
0.5534 0.08738 0.13592 0.2233
0.48544 0.03883 0.03883 0.43689
0.18812 0.08911 0.0396 0.68317
0.38 0.03 0.06 0.53
0.60825 0.05155 0.05155 0.28866
0.4375 0.05208 0.07292 0.4375

>SALL3 2_my_algo_chs9
0.44536 0.0866 0.06186 0.40619
0.50503 0.06237 0.11066 0.32193
0.38569 0.08748 0.07555 0.45129
0.40655 0.07129 0.08478 0.43738
0.48295 0.06818 0.08902 0.35985
0.26838 0.06434 0.0864 0.58088
0.22705 0.0 0.0 0.77295
0.81611 0.0 0.0 0.18389
0.89118 0.0 0.0 0.10882
0.01471 0.0 0.0 0.98529
0.97206 0.0 0.0 0.02794
0.35888 0.05981 0.05981 0.5215
0.31749 0.11407 0.07605 0.4924
0.49405 0.06548 0.07341 0.36706
0.51717 0.07273 0.07879 0.33131
0.36929 0.07261 0.07469 0.4834
0.40842 0.09684 0.06526 0.42947

>SALL3 1_my_algo_ghts9
0.43573 0.18329 0.18386 0.19712
0.58952 0.1255 0.11399 0.17098
0.78125 0.0 0.08333 0.13542
0.14623 0.02533 0.02591 0.80253
0.93786 0.0 0.00575 0.05639
0.0328 0.00575 0.0 0.96145
0.12097 0.01671 0.79147 0.07085
0.14837 0.05935 0.0 0.79228
0.7389 0.0928 0.083 0.0853
0.23533 0.15995 0.14845 0.45627
0.2196 0.20058 0.19597 0.38386

>SALL3 2_my_algo_ghts9
0.48611 0.09722 0.23611 0.18056
0.78571 0.08929 0.07143 0.05357
0.92857 0.0 0.03571 0.03571
0.07143 0.0 0.0 0.92857
1.0 0.0 0.0 0.0
0.0 0.0 0.0 1.0
0.0 0.0 1.0 0.0
0.14545 0.0 0.0 0.85455
0.91837 0.0 0.0 0.08163
0.0979 0.02098 0.0 0.88112
0.09091 0.07692 0.00699 0.82517
0.1338 0.03521 0.02817 0.80282
0.17021 0.37589 0.12766 0.32624
0.39007 0.14894 0.17021 0.29078
0.32374 0.1295 0.19424 0.35252

>ZNF20 1_my_algo_chs10
0.5603 0.17588 0.18593 0.07789
0.145 0.1175 0.645 0.0925
0.12376 0.34901 0.12129 0.40594
0.41523 0.30713 0.17936 0.09828
0.11247 0.49633 0.17848 0.21271
0.34951 0.16019 0.35437 0.13592
0.0 0.82927 0.0 0.17073
0.02564 0.0 0.0 0.97436
0.0 0.875 0.05 0.075
0.11111 0.75 0.0 0.13889
0.39609 0.32274 0.05134 0.22983
0.28713 0.39109 0.21287 0.10891
0.36386 0.41584 0.12376 0.09653

>ZNF20 2_my_algo_chs10
0.09486 0.3004 0.22134 0.3834
0.32819 0.12741 0.50965 0.03475
0.16981 0.15849 0.64151 0.03019
0.08365 0.1673 0.37643 0.37262
0.42802 0.13619 0.3463 0.08949
0.28226 0.45161 0.14516 0.12097
0.06173 0.20165 0.30864 0.42798
0.14224 0.21552 0.15517 0.48707
0.32883 0.06757 0.29279 0.31081

>ZNF20 1_my_algo_ghts10
0.41002 0.19216 0.17605 0.22177
0.12447 0.13423 0.63179 0.1095
0.07513 0.20833 0.05123 0.66531
0.79997 0.07286 0.08392 0.04326
0.00358 0.95787 0.0096 0.02895
0.6298 0.00667 0.04522 0.31831
0.01529 0.81509 0.0283 0.14132
0.24215 0.04326 0.067 0.64758
0.07923 0.69058 0.12266 0.10753

>ZNF20 2_my_algo_ghts10
0.83116 0.0 0.0 0.16884
0.0 0.0 1.0 0.0
0.0 0.01146 0.0 0.98854
0.98854 0.01146 0.0 0.0
0.0 0.98701 0.0 0.01299
0.5806 0.0 0.03209 0.38732
0.0 0.98549 0.0 0.01451
0.04431 0.0 0.0 0.95569
0.0 1.0 0.0 0.0
0.0 1.0 0.0 0.0

>ZNF367 1_my_algo_chs11
0.63195 0.10264 0.10797 0.15744
0.78982 0.05023 0.06633 0.09362
0.8317 0.04056 0.06361 0.06413
0.79206 0.04955 0.07503 0.08336
0.77726 0.05638 0.07638 0.08997
0.79694 0.05595 0.06563 0.08147
0.79129 0.07267 0.06065 0.07538
1.0 0.0 0.0 0.0
0.0 0.30896 0.32638 0.36466

>ZNF367 2_my_algo_chs11
0.4496 0.17929 0.15597 0.21515
0.45601 0.18638 0.14911 0.2085
0.49754 0.19843 0.11469 0.18934
0.4316 0.102 0.11295 0.35346
0.39793 0.0576 0.12051 0.42396
0.17033 0.15122 0.26398 0.41448
0.74603 0.0 0.03175 0.22222
0.76923 0.01538 0.03077 0.18462
0.77612 0.01493 0.02985 0.1791
0.71642 0.01493 0.08955 0.1791
0.8209 0.01493 0.07463 0.08955
0.76119 0.0597 0.07463 0.10448
1.0 0.0 0.0 0.0
0.64983 0.07682 0.10865 0.16471
0.60498 0.09928 0.10742 0.18833
0.56235 0.11697 0.109 0.21167
0.5375 0.12231 0.1313 0.2089
0.51061 0.1357 0.13093 0.22275
0.49075 0.14732 0.13795 0.22398

>ZNF367 1_my_algo_ghts11
0.19115 0.15292 0.25956 0.39638
0.1996 0.46169 0.18952 0.14919
0.11895 0.63911 0.09073 0.15121
0.18712 0.68813 0.02616 0.09859
0.02817 0.00604 0.00604 0.95976
0.00402 0.0 0.00201 0.99396
0.00604 0.00604 0.0 0.98793
0.92276 0.01626 0.0 0.06098
0.97034 0.02966 0.0 0.0
0.67206 0.12348 0.07287 0.13158
0.24798 0.24194 0.19758 0.3125

>ZNF367 2_my_algo_ghts11
0.14462 0.12725 0.23555 0.49258
0.10999 0.73799 0.0787 0.07332
0.02558 0.91096 0.01452 0.04894
0.13356 0.77487 0.00442 0.08715
0.00253 0.00474 0.00158 0.99116
0.0 0.0 0.0 1.0
0.00189 0.0 0.0 0.99811
0.98326 0.0 0.0 0.01674
1.0 0.0 0.0 0.0
0.74344 0.09384 0.06572 0.097

>LEUTX 1_my_algo_chs12
0.71642 0.0597 0.08955 0.13433
0.72727 0.07576 0.10606 0.09091
0.89706 0.02941 0.01471 0.05882
0.88235 0.04412 0.01471 0.05882
0.89706 0.02941 0.02941 0.04412
0.85294 0.02941 0.04412 0.07353
0.76471 0.07353 0.07353 0.08824
0.89706 0.05882 0.01471 0.02941
0.86765 0.02941 0.02941 0.07353
1.0 0.0 0.0 0.0
0.0 0.26923 0.34615 0.38462

>LEUTX 2_my_algo_chs12
0.66055 0.07339 0.11009 0.15596
0.80909 0.03636 0.03636 0.11818
0.82883 0.06306 0.02703 0.08108
0.87387 0.03604 0.04505 0.04505
0.81081 0.04505 0.06306 0.08108
0.75676 0.08108 0.07207 0.09009
0.84685 0.04505 0.00901 0.0991
0.8018 0.05405 0.02703 0.11712
1.0 0.0 0.0 0.0
0.88679 0.03774 0.03774 0.03774
0.71698 0.11321 0.09434 0.07547
0.67925 0.09434 0.11321 0.11321
0.64151 0.13208 0.09434 0.13208
0.69811 0.07547 0.0566 0.16981
0.5 0.09615 0.25 0.15385

>LEUTX 1_my_algo_ghts12
0.56522 0.13768 0.14493 0.15217
0.14599 0.05839 0.12409 0.67153
0.125 0.02941 0.72794 0.11765
0.1295 0.02878 0.72662 0.11511
0.07914 0.0 0.92086 0.0
0.00719 0.0 0.99281 0.0
1.0 0.0 0.0 0.0
0.0 0.00719 0.0 0.99281
0.0146 0.0 0.0 0.9854
1.0 0.0 0.0 0.0

>LEUTX 2_my_algo_ghts12
0.26557 0.05861 0.41455 0.26127
0.2156 0.00689 0.75117 0.02634
0.06429 0.03801 0.86733 0.03037
0.97351 0.00704 0.01335 0.0061
0.01352 0.01061 0.00995 0.96591
0.00095 0.00687 0.0097 0.98248
0.86091 0.04309 0.0397 0.0563
0.44528 0.09147 0.11556 0.34769

>ZBED2 1_my_algo_chs13
0.23043 0.11739 0.53913 0.11304
0.06466 0.11207 0.76293 0.06034
0.07359 0.15152 0.24242 0.53247
0.00431 0.06466 0.02586 0.90517
0.0 0.14224 0.0431 0.81466
0.0 0.91739 0.06957 0.01304
0.0 0.07658 0.84685 0.07658
0.12931 0.17672 0.55603 0.13793

>ZBED2 2_my_algo_chs13
0.11621 0.47776 0.22238 0.18364
0.09013 0.66524 0.14306 0.10157
0.02168 0.87139 0.10694 0.0
0.07571 0.00429 0.91143 0.00857
0.95429 0.01429 0.03143 0.0
0.96857 0.02286 0.00857 0.0
0.34286 0.58857 0.05571 0.01286
0.01003 0.97851 0.00573 0.00573
0.03577 0.77825 0.0372 0.14878
0.13037 0.17192 0.57736 0.12034
0.30118 0.30457 0.39425 0.0
0.35971 0.32194 0.31835 0.0

>ZBED2 1_my_algo_ghts13
0.05 0.0 0.85 0.1
0.04762 0.04762 0.90476 0.0
0.09524 0.0 0.90476 0.0
0.0 0.14286 0.0 0.85714
0.0 0.0 0.09524 0.90476
0.40909 0.5 0.0 0.09091
0.0 0.0 1.0 0.0
0.0 0.05141 0.78149 0.1671
0.0 0.02057 0.0 0.97943
0.0 0.01542 0.0 0.98458
0.22622 0.72237 0.01028 0.04113
0.0 0.04076 0.95924 0.0
0.09091 0.0 0.90909 0.0
0.0 0.09091 0.09091 0.81818
0.05 0.0 0.05 0.9
0.2 0.7 0.05 0.05
0.05 0.1 0.8 0.05
0.0 0.0 1.0 0.0

>ZBED2 2_my_algo_ghts13
0.71481 0.0 0.28519 0.0
1.0 0.0 0.0 0.0
0.17066 0.82934 0.0 0.0
0.00847 0.99153 0.0 0.0
0.04237 0.94068 0.01695 0.0
0.01994 0.0 0.77208 0.20798
0.98006 0.0 0.0 0.01994
0.97151 0.02849 0.0 0.0
0.13982 0.86018 0.0 0.0
0.0 1.0 0.0 0.0
0.13881 0.49292 0.22096 0.14731

>ZNF251 1_my_algo_chs14
0.1118 0.12008 0.09731 0.67081
0.07676 0.10166 0.08299 0.73859
0.02899 0.07453 0.09524 0.80124
0.05797 0.75983 0.07246 0.10973
0.68542 0.075 0.05 0.18958
0.07484 0.54262 0.1185 0.26403
0.15385 0.07277 0.07484 0.69854
0.08489 0.11387 0.10352 0.69772

>ZNF251 2_my_algo_chs14
0.0799 0.0232 0.80326 0.09364
0.10711 0.04027 0.80977 0.04284
0.0333 0.83262 0.05636 0.07771
0.0119 0.10204 0.01361 0.87245
0.05334 0.04488 0.01863 0.88315
0.34878 0.385 0.09773 0.16849
0.10751 0.11115 0.08624 0.6951
0.0621 0.09551 0.0805 0.7619
0.02638 0.05241 0.06969 0.85152
0.03594 0.81183 0.0765 0.07573
0.74194 0.03937 0.0359 0.18279
0.06026 0.62017 0.09418 0.22538
0.10361 0.04833 0.05918 0.78888
0.07956 0.10272 0.11117 0.70655
0.96215 0.00168 0.02523 0.01093
0.38702 0.0118 0.58347 0.01771
0.01352 0.96703 0.00085 0.0186
0.79526 0.02961 0.14552 0.02961
0.11111 0.27566 0.03308 0.58015
0.57908 0.11224 0.16582 0.14286

>ZNF251 1_my_algo_ghts14
0.17647 0.28105 0.16993 0.37255
0.1223 0.1223 0.7554 0.0
0.07742 0.56129 0.06452 0.29677
0.02 0.06667 0.0 0.91333
0.92903 0.01935 0.05161 0.0
0.94839 0.0 0.02581 0.02581
0.09677 0.03871 0.86452 0.0
