>CAMTA1 CAMTA1_motif1
0.075 0.509 0.228 0.188
0.843 0.032 0.089 0.036
0.145 0.581 0.07 0.204
0.058 0.056 0.048 0.838
0.051 0.001 0.947 0.001
0.001 0.992 0.001 0.006
0.437 0.058 0.472 0.033
0.05706 0.28228 0.47347 0.18719
0.211 0.677 0.001 0.111
0.58 0.111 0.2 0.109

>CAMTA1 CAMTA1_motif2
0.001 0.997 0.001 0.001
0.001 0.497 0.001 0.501
0.001 0.001 0.997 0.001
0.001 0.997 0.001 0.001
0.997 0.001 0.001 0.001
0.478 0.022 0.499 0.001
0.001 0.001 0.001 0.997
0.46 0.001 0.538 0.001

>CAMTA1 CAMTA1_motif3
0.1 0.686 0.135 0.079
0.01299 0.49051 0.05794 0.43856
0.004 0.058 0.937 0.001
0.004 0.98 0.008 0.008
0.995 0.003 0.001 0.001
0.389 0.148 0.092 0.371
0.007 0.001 0.003 0.989
0.003 0.001 0.995 0.001
0.004 0.987 0.001 0.008
0.438 0.008 0.55 0.004

>CAMTA1 CAMTA1_motif4
0.001 0.001 0.997 0.001
0.001 0.001 0.001 0.997
0.001 0.001 0.997 0.001
0.001 0.001 0.06 0.938
0.377 0.001 0.568 0.054
0.001 0.033 0.001 0.965
0.001 0.001 0.997 0.001
0.065 0.531 0.001 0.403
0.115 0.001 0.567 0.317
0.001 0.346 0.594 0.059

>CREB3L3 CREB3L3_motif1
0.07058 0.1454 0.14806 0.63597
0.03674 0.03306 0.85283 0.07737
0.52638 0.04527 0.4211 0.00725
0.01101 0.02064 0.01043 0.95793
0.00329 0.00423 0.98237 0.01011
0.98806 0.00343 0.00189 0.00662
0.0 0.99607 0.0 0.00393
0.00108 0.0 0.99892 0.0
0.0013 0.00343 0.00663 0.98864
0.00154 0.00402 0.98747 0.00697
0.00523 0.00178 0.9199 0.07309
0.18432 0.77647 0.02047 0.01874
0.60883 0.08755 0.25601 0.04762

>CREB3L3 CREB3L3_motif2
0.15978 0.12731 0.52918 0.18374
0.02291 0.10351 0.03664 0.83694
0.01034 0.00612 0.96626 0.01728
0.67496 0.02904 0.29354 0.00245
0.00028 0.0014 0.00077 0.99754
0.00018 0.00021 0.99895 0.00067
0.99933 0.00014 0.00039 0.00014
7e-05 0.99852 0.00046 0.00095
0.00035 0.0 0.99954 0.00011
0.00025 0.00039 0.00021 0.99916
0.00018 0.00021 0.99884 0.00077
0.00072 0.00044 0.96982 0.02902
0.10501 0.89243 0.00032 0.00225
0.78045 0.03007 0.17509 0.01439

>CREB3L3 CREB3L3_motif3
0.04412 0.17367 0.08894 0.69328
0.02195 0.03558 0.89326 0.04921
0.73098 0.0 0.26661 0.0024
0.0 0.00714 0.00476 0.9881
0.00476 0.00555 0.9881 0.00159
0.9968 0.0 0.0024 0.0008
0.0008 0.9984 0.0 0.0008
0.0032 0.0 0.996 0.0008
0.00478 0.00159 0.0 0.99362
0.01173 0.9742 0.01251 0.00156
0.99204 0.0008 0.00478 0.00239
0.0016 0.25721 0.06571 0.67548
0.04808 0.88805 0.03832 0.02554
0.6867 0.08557 0.1761 0.05163

>CREB3L3 CREB3L3_motif4
0.164 0.13122 0.52138 0.1834
0.02373 0.10732 0.03588 0.83307
0.01093 0.00668 0.96446 0.01793
0.67956 0.02884 0.28866 0.00295
0.00056 0.00251 0.00086 0.99607
0.00014 0.00028 0.99878 0.0008
0.99748 0.00034 0.0017 0.00048
0.0005 0.9973 0.0006 0.0016
0.00044 0.00022 0.99926 8e-05
0.00102 0.00058 0.00024 0.99816
0.0007 0.0639 0.93466 0.00074
0.06245 0.00064 0.90371 0.03321
0.10069 0.84758 0.00278 0.04896
0.7331 0.08685 0.16554 0.01451

>FIZ1 FIZ1_motif1
0.15556 0.16289 0.5622 0.11935
0.04724 0.82636 0.09753 0.02887
0.01087 0.01679 0.94292 0.02942
0.00213 0.93547 0.00723 0.05516
0.81642 0.12951 0.02763 0.02644
0.03675 0.16965 0.66062 0.13299
0.30383 0.09164 0.60179 0.00274
0.92659 0.00099 0.00444 0.06797
0.00042 0.03768 0.0 0.96189
0.0 0.00962 0.00376 0.98662
0.01041 0.91824 0.00289 0.06846
0.00781 0.0 0.9895 0.00268
0.42763 0.52756 0.00114 0.04367
0.99666 0.0 0.00179 0.00155
0.00169 0.72744 0.0008 0.27008
0.06155 0.26499 0.10762 0.56584
0.11668 0.59267 0.22922 0.06143
0.61226 0.05734 0.20587 0.12453
0.18121 0.22757 0.31481 0.27641
0.26116 0.20386 0.30227 0.23271
0.46503 0.20033 0.17982 0.15482
0.04677 0.85066 0.03136 0.0712
0.18131 0.57142 0.07108 0.17618

>FIZ1 FIZ1_motif2
0.16417 0.19351 0.5114 0.13091
0.07148 0.7082 0.13876 0.08156
0.01784 0.03321 0.90686 0.04208
0.00102 0.94104 0.00599 0.05195
0.79278 0.13162 0.03257 0.04303
0.04812 0.19179 0.60471 0.15539
0.33563 0.1204 0.53876 0.00521
0.89713 0.00565 0.01973 0.07749
0.0 0.06989 0.00419 0.92592
0.0 0.02653 0.00976 0.96372
0.00975 0.87929 0.00493 0.10603
0.01376 0.00721 0.97537 0.00366
0.46996 0.48961 0.00148 0.03896
0.9731 0.01085 0.00985 0.0062
0.00238 0.72813 0.0 0.26949
0.08212 0.28571 0.10874 0.52343
0.13173 0.5765 0.22159 0.07019
0.5856 0.06734 0.21511 0.13195
0.20077 0.23456 0.29542 0.26925
0.26354 0.22225 0.28753 0.22668
0.44961 0.21121 0.18267 0.15651
0.05542 0.82904 0.03533 0.08022
0.19788 0.54782 0.0788 0.1755

>FIZ1 FIZ1_motif3
0.15433 0.16261 0.56643 0.11663
0.04636 0.82939 0.09644 0.02781
0.00993 0.01617 0.94555 0.02835
0.00191 0.93746 0.00682 0.05381
0.81797 0.12953 0.02678 0.02572
0.03622 0.16917 0.66275 0.13187
0.30387 0.09076 0.60281 0.00256
0.9274 0.00112 0.00456 0.06693
0.00053 0.03738 2e-05 0.96206
5e-05 0.00881 0.00369 0.98746
0.00946 0.92072 0.00299 0.06683
0.00702 0.00018 0.99096 0.00184
0.42673 0.52822 0.00137 0.04368
0.99689 0.00021 0.00165 0.00126
0.0013 0.7282 0.00064 0.26985
0.06133 0.26458 0.10757 0.56653
0.11589 0.59445 0.22925 0.06041
0.61359 0.05672 0.20541 0.12428
0.1807 0.22769 0.31531 0.2763
0.26153 0.20385 0.30229 0.23232
0.46708 0.19995 0.17895 0.15401
0.0459 0.8528 0.03095 0.07036
0.1805 0.57339 0.07047 0.17564

>FIZ1 FIZ1_motif4
0.17598 0.06724 0.5786 0.17818
0.06824 0.03053 0.85493 0.0463
0.15097 0.17689 0.20542 0.46672
0.23047 0.29846 0.20544 0.26563
0.27452 0.31317 0.23025 0.18206
0.12089 0.20662 0.05875 0.61374
0.06046 0.22167 0.59872 0.11916
0.56575 0.10972 0.26459 0.05995
0.26341 0.00079 0.73445 0.00136
0.00168 0.00041 0.0 0.99791
0.03982 0.0013 0.54044 0.41843
0.00191 0.99081 0.00011 0.00717
0.06339 0.00269 0.92463 0.0093
0.99001 0.00129 0.00859 0.00011
0.96385 0.0 0.03542 0.00073
0.0689 0.00274 0.00068 0.92769
0.00252 0.58935 0.09151 0.31662
0.13205 0.66417 0.17525 0.02853
0.02146 0.02439 0.13629 0.81786
0.04602 0.00648 0.94578 0.00172
0.02356 0.95303 0.01428 0.00912
0.02472 0.04966 0.88061 0.04501
0.10619 0.57806 0.16241 0.15334

>GCM1 GCM1_motif1
0.83673 0.04129 0.11274 0.00924
0.00471 0.00654 0.00562 0.98313
0.07695 0.00912 0.91393 0.0
0.02852 0.92031 0.02852 0.02265
0.01613 0.00263 0.89799 0.08325
0.00013 0.0 0.99894 0.00093
0.0 0.0 1.0 0.0
0.01129 0.1648 0.00771 0.8162
0.55767 0.12306 0.2186 0.10066

>GCM1 GCM1_motif2
0.11208 0.68589 0.04982 0.15221
0.06407 0.03114 0.89042 0.01437
0.08736 0.03846 0.05714 0.81703
0.0 0.9179 0.0 0.0821
0.0 0.01764 0.97126 0.0111
0.0 0.03685 0.01842 0.94473
0.03477 0.0745 0.82064 0.07009
0.08506 0.20124 0.09668 0.61701

>GCM1 GCM1_motif3
0.83887 0.04134 0.11152 0.00827
0.00466 0.00693 0.00473 0.98368
0.07654 0.00918 0.91428 0.0
0.02708 0.92557 0.02523 0.02211
0.01499 0.00337 0.90021 0.08143
0.00031 0.0 0.99819 0.00149
0.0 0.0 1.0 0.0
0.00951 0.1639 0.00736 0.81924
0.562 0.12046 0.21807 0.09946

>GCM1 GCM1_motif4
0.85534 0.03914 0.09988 0.00564
0.00596 0.00541 0.00111 0.98753
0.06568 0.00767 0.92665 0.0
0.02648 0.93874 0.01752 0.01726
0.01378 0.00255 0.90926 0.0744
0.0 0.00042 0.99944 0.00014
0.0 0.0 1.0 0.0
0.0092 0.15693 0.00442 0.82945
0.57423 0.11734 0.21083 0.0976

>LEUTX LEUTX_motif1
0.13 0.034 0.562 0.274
0.586 0.054 0.329 0.031
0.157 0.196 0.456 0.191
0.29371 0.34865 0.16484 0.19281
0.023 0.885 0.046 0.046
0.879 0.075 0.008 0.038
0.031 0.529 0.2 0.24
0.27928 0.24925 0.16216 0.30931
0.324 0.044 0.425 0.207
0.271 0.3 0.049 0.38
0.351 0.026 0.515 0.108
0.35 0.518 0.109 0.023

>LEUTX LEUTX_motif2
0.95 0.016 0.016 0.018
0.161 0.157 0.524 0.158
0.143 0.565 0.113 0.179
0.203 0.532 0.06 0.205
0.174 0.104 0.057 0.665
0.275 0.133 0.465 0.127
0.409 0.096 0.367 0.128
0.25874 0.3017 0.19281 0.24675
0.142 0.557 0.107 0.194
0.573 0.177 0.093 0.157
0.644 0.108 0.16 0.088
0.172 0.538 0.032 0.258

>LEUTX LEUTX_motif3
0.058 0.615 0.033 0.294
0.243 0.093 0.628 0.036
0.022 0.025 0.027 0.926
0.017 0.901 0.037 0.045
0.052 0.018 0.035 0.895
0.026 0.858 0.027 0.089
0.008 0.017 0.018 0.957
0.92 0.033 0.041 0.006
0.044 0.876 0.02 0.06
0.249 0.114 0.037 0.6
0.908 0.017 0.052 0.023
0.919 0.016 0.032 0.033

>LEUTX LEUTX_motif4
0.001 0.751 0.001 0.247
0.259 0.009 0.693 0.039
0.028 0.003 0.968 0.001
0.001 0.001 0.003 0.995
0.027 0.001 0.971 0.001
0.007 0.005 0.983 0.005
0.011 0.971 0.004 0.014
0.001 0.003 0.003 0.993
0.001 0.979 0.001 0.019
0.976 0.004 0.017 0.003

>MKX MKX_motif1
0.12875 0.55029 0.11448 0.20648
0.64836 0.0217 0.14597 0.18397
0.05683 0.02681 0.0 0.91637
0.06181 0.04518 0.83085 0.06216
0.16035 0.08485 0.0571 0.6977
0.31255 0.10003 0.03249 0.55492

>MKX MKX_motif2
0.1145 0.56086 0.13721 0.18743
0.60841 0.02249 0.20385 0.16525
0.05192 0.0661 0.00176 0.88022
0.02362 0.0357 0.90454 0.03614
0.14219 0.10182 0.06926 0.68674
0.30939 0.1242 0.05308 0.51334

>MKX MKX_motif3
0.12131 0.57434 0.10457 0.19977
0.67125 0.01622 0.13788 0.17465
0.04939 0.02583 0.0 0.92478
0.05142 0.03807 0.85841 0.0521
0.16037 0.08448 0.05577 0.69937
0.31059 0.09204 0.03029 0.56707

>MKX MKX_motif4
0.12531 0.58225 0.08542 0.20701
0.71287 0.01207 0.09419 0.18087
0.0478 0.00123 0.0 0.95098
0.0659 0.03932 0.83435 0.06043
0.17095 0.07441 0.04793 0.70671
0.31136 0.07189 0.01602 0.60073

>MSANTD1 MSANTD1_motif1
0.14098 0.56925 0.14221 0.14756
0.78935 0.00552 0.09357 0.11156
0.0 1.0 0.0 0.0
0.0 0.00121 0.0003 0.99848
0.00484 0.0 0.0 0.99516
1.0 0.0 0.0 0.0
0.99007 0.0 0.00993 0.0
0.0006 0.00634 0.99306 0.0
0.1126 0.09588 0.01649 0.77503
0.14486 0.1428 0.56375 0.14858

>MSANTD1 MSANTD1_motif2
0.12097 0.57496 0.15387 0.1502
0.84945 0.00282 0.03599 0.11174
0.00256 0.99256 0.00256 0.00232
0.0011 0.00123 0.0 0.99767
0.00037 0.00037 0.00012 0.99914
0.99914 0.00025 0.00061 0.0
0.99792 0.00025 0.00098 0.00086
0.00353 0.00146 0.99136 0.00365
0.1108 0.03515 0.0022 0.85185
0.14864 0.15761 0.57468 0.11907

>MSANTD1 MSANTD1_motif3
0.23619 0.03063 0.10862 0.62457
0.61789 0.07656 0.14431 0.16125
0.55428 0.10533 0.24772 0.09267
0.13012 0.18765 0.57865 0.10359
0.10075 0.31705 0.13843 0.44376
0.45986 0.13343 0.30266 0.10406
0.09782 0.58223 0.19415 0.1258
0.08895 0.24948 0.1081 0.55346
0.15252 0.13967 0.07812 0.62969
0.62709 0.11746 0.02179 0.23366

>MSANTD1 MSANTD1_motif4
0.11466 0.64025 0.11831 0.12678
0.87782 0.00269 0.03964 0.07985
0.00414 0.98414 0.00587 0.00585
0.00014 0.00093 7e-05 0.99885
0.00054 0.00054 0.0 0.99892
0.99827 0.00016 0.00121 0.00035
0.99855 0.00021 0.0 0.00124
0.00465 0.00592 0.98479 0.00463
0.07799 0.04057 0.00265 0.8788
0.12504 0.12144 0.64316 0.11036

>MYF6 MYF6_motif1
0.15185 0.26873 0.3027 0.27672
0.741 0.034 0.224 0.001
0.946 0.008 0.045 0.001
0.001 0.997 0.001 0.001
0.996 0.002 0.001 0.001
0.079 0.089 0.831 0.001
0.006 0.511 0.374 0.109
0.001 0.006 0.001 0.992
0.001 0.001 0.997 0.001
0.178 0.096 0.045 0.681

>MYF6 MYF6_motif2
0.14885 0.23576 0.45554 0.15984
0.181 0.292 0.269 0.258
0.354 0.21 0.435 0.001
0.46 0.112 0.195 0.233
0.001 0.997 0.001 0.001
0.997 0.001 0.001 0.001
0.022 0.391 0.565 0.022
0.035 0.508 0.406 0.051
0.001 0.001 0.001 0.997
0.001 0.001 0.997 0.001
0.178 0.296 0.134 0.392
0.114 0.39 0.168 0.328

>MYF6 MYF6_motif3
0.394 0.294 0.311 0.001
0.001 0.997 0.001 0.001
0.771 0.001 0.227 0.001
0.346 0.086 0.405 0.163
0.115 0.532 0.101 0.252
0.001 0.001 0.001 0.997
0.001 0.001 0.997 0.001
0.005 0.225 0.425 0.345
0.116 0.315 0.064 0.505
0.259 0.382 0.213 0.146

>MYF6 MYF6_motif4
0.015 0.983 0.001 0.001
0.969 0.001 0.029 0.001
0.32132 0.18118 0.4965 0.001
0.03 0.344 0.625 0.001
0.001 0.001 0.015 0.983
0.001 0.13 0.868 0.001
0.677 0.001 0.001 0.321
0.001 0.997 0.001 0.001

>MYPOP MYPOP_motif1
0.23484 0.10206 0.13777 0.52533
0.02472 0.08704 0.03976 0.84848
0.44288 0.0141 0.00875 0.53427
0.04674 0.01169 0.92491 0.01666
0.00501 0.98304 0.00454 0.00741
0.07752 0.01076 0.90549 0.00623
0.06406 0.70667 0.02282 0.20646
0.21245 0.37115 0.12504 0.29137
0.43998 0.12202 0.20255 0.23545
0.24168 0.19481 0.12306 0.44045
0.29198 0.13199 0.35618 0.21985
0.20932 0.02143 0.70729 0.06197
0.00565 0.90743 0.01027 0.07666
0.00576 0.00362 0.98486 0.00576
0.01526 0.92491 0.01142 0.0484
0.52678 0.01176 0.01387 0.44759
0.85052 0.04058 0.08781 0.02109
0.53044 0.13385 0.103 0.23271

>MYPOP MYPOP_motif2
0.21774 0.08059 0.11359 0.58807
0.01605 0.06143 0.02929 0.89324
0.44231 0.00901 0.00864 0.54004
0.03364 0.00894 0.94742 0.01
0.00275 0.99023 0.00269 0.00433
0.05854 0.0069 0.93059 0.00397
0.05047 0.74184 0.01505 0.19265
0.23451 0.35846 0.10486 0.30216
0.4896 0.08972 0.17976 0.24091
0.2448 0.17779 0.08924 0.48817
0.29689 0.10598 0.35579 0.24134
0.18846 0.01482 0.74431 0.05241
0.00383 0.93282 0.00642 0.05694
0.00475 0.00327 0.98935 0.00264
0.01041 0.94809 0.00981 0.03169
0.54363 0.00821 0.01041 0.43774
0.89533 0.02897 0.05919 0.01651
0.58613 0.11473 0.08052 0.21863

>MYPOP MYPOP_motif3
0.09482 0.06224 0.51912 0.32383
0.14836 0.57349 0.02531 0.25284
0.06598 0.04506 0.84984 0.03912
0.0247 0.88206 0.03397 0.05927
0.42737 0.04142 0.26219 0.26902
0.49893 0.33069 0.07245 0.09793
0.47634 0.16576 0.10176 0.25614
0.31731 0.21778 0.2053 0.25961
0.31555 0.13777 0.12665 0.42003
0.14076 0.23779 0.10978 0.51166
0.28443 0.11418 0.2712 0.33019
0.09409 0.01278 0.86459 0.02855
0.00551 0.94454 0.00877 0.04118
0.01561 0.00523 0.97572 0.00344
0.01777 0.93271 0.01195 0.03756
0.52009 0.10635 0.04209 0.33147
0.77083 0.05681 0.10588 0.06648
0.57231 0.11714 0.07549 0.23506

>MYPOP MYPOP_motif4
0.21261 0.10479 0.13836 0.54423
0.02921 0.08695 0.05379 0.83005
0.42343 0.03015 0.02301 0.52341
0.06098 0.02133 0.89837 0.01932
0.00809 0.966 0.00971 0.01619
0.0738 0.01506 0.89859 0.01255
0.04619 0.74609 0.01957 0.18815
0.26006 0.32123 0.12626 0.29246
0.33147 0.17146 0.15638 0.34069
0.29581 0.12291 0.32598 0.25531
0.18704 0.02107 0.74428 0.04761
0.01104 0.89814 0.01731 0.07351
0.01558 0.01343 0.96159 0.0094
0.02127 0.89567 0.02202 0.06105
0.5285 0.01971 0.02637 0.42541
0.82679 0.05358 0.08707 0.03256
0.54158 0.13932 0.10755 0.21155

>PRDM13 PRDM13_motif1
0.82 0.068 0.062 0.05
0.043 0.881 0.04 0.036
0.115 0.477 0.008 0.4
0.645 0.001 0.283 0.071
0.011 0.661 0.246 0.082
0.001 0.825 0.001 0.173
0.997 0.001 0.001 0.001
0.015 0.551 0.277 0.157
0.026 0.89 0.012 0.072
0.868 0.13 0.001 0.001

>PRDM13 PRDM13_motif2
0.317 0.098 0.522 0.063
0.06 0.718 0.126 0.096
0.413 0.108 0.12 0.359
0.08 0.052 0.782 0.086
0.05 0.041 0.827 0.082
0.045 0.004 0.021 0.93
0.513 0.045 0.385 0.057
0.23576 0.2957 0.32168 0.14685

>PRDM13 PRDM13_motif3
0.137 0.666 0.043 0.154
0.845 0.017 0.098 0.04
0.01 0.971 0.018 0.001
0.001 0.952 0.001 0.046
0.002 0.054 0.054 0.89
0.064 0.001 0.74 0.195
0.036 0.747 0.016 0.201
0.001 0.131 0.296 0.572
0.034 0.221 0.735 0.01
0.406 0.337 0.044 0.213

>PRDM13 PRDM13_motif4
0.144 0.314 0.541 0.001
0.408 0.002 0.135 0.455
0.536 0.001 0.462 0.001
0.001 0.997 0.001 0.001
0.826 0.001 0.001 0.172
0.001 0.001 0.997 0.001
0.001 0.001 0.997 0.001
0.001 0.001 0.001 0.997
0.275 0.001 0.723 0.001
0.134 0.001 0.589 0.276
0.001 0.44456 0.42058 0.13387
0.452 0.002 0.134 0.412

>SALL3 SALL3_motif1
0.001 0.172 0.064 0.763
0.358 0.177 0.464 0.001
0.938 0.06 0.001 0.001
0.001 0.001 0.001 0.997
0.667 0.131 0.201 0.001
0.489 0.001 0.096 0.414
0.001 0.198 0.016 0.785
0.852 0.001 0.146 0.001
0.36236 0.17117 0.08809 0.37838
0.001 0.384 0.137 0.478

>SALL3 SALL3_motif2
0.784 0.058 0.066 0.092
0.088 0.074 0.001 0.837
0.084 0.018 0.109 0.789
0.828 0.043 0.099 0.03
0.138 0.048 0.077 0.737
0.012 0.074 0.096 0.818
0.914 0.001 0.058 0.027
0.041 0.064 0.08 0.815
0.116 0.809 0.074 0.001
0.982 0.001 0.001 0.016
0.058 0.086 0.056 0.8
0.885 0.001 0.075 0.039

>SALL3 SALL3_motif3
0.27027 0.25425 0.42843 0.04705
0.792 0.028 0.019 0.161
0.053 0.094 0.012 0.841
0.949 0.016 0.034 0.001
0.02 0.011 0.016 0.953
0.01 0.067 0.208 0.715
0.759 0.067 0.15 0.024
0.609 0.059 0.08 0.252
0.026 0.024 0.042 0.908
0.431 0.248 0.129 0.192
0.682 0.09 0.004 0.224
0.03 0.094 0.001 0.875

>SALL3 SALL3_motif4
0.63 0.001 0.158 0.211
0.38338 0.06006 0.12412 0.43243
0.001 0.001 0.025 0.973
0.997 0.001 0.001 0.001
0.001 0.133 0.001 0.865
0.001 0.001 0.997 0.001
0.349 0.033 0.002 0.616
0.832 0.1 0.033 0.035

>SP140L SP140L_motif1
0.54892 0.09472 0.15678 0.19958
0.10261 0.68825 0.08042 0.12871
0.11033 0.10687 0.66212 0.12068
0.09222 0.1537 0.06426 0.68983
0.21996 0.28561 0.27803 0.2164
0.70694 0.04809 0.14712 0.09786
0.11574 0.67634 0.09859 0.10933
0.11453 0.07912 0.7013 0.10505
0.19483 0.1481 0.10018 0.55689

>SP140L SP140L_motif2
0.60665 0.07081 0.12482 0.19772
0.09842 0.73498 0.05964 0.10696
0.11038 0.08159 0.70694 0.10109
0.06865 0.11528 0.04327 0.77281
0.22842 0.27987 0.27239 0.21932
0.77305 0.03781 0.11836 0.07078
0.09594 0.70739 0.08665 0.11002
0.10608 0.05945 0.73351 0.10096
0.19111 0.12398 0.07551 0.60941

>SP140L SP140L_motif3
0.66768 0.08832 0.13872 0.10528
0.09903 0.75 0.04978 0.10119
0.07237 0.03444 0.85547 0.03772
0.17156 0.09173 0.07443 0.66228
0.12674 0.41484 0.07916 0.37926
0.39094 0.07232 0.41389 0.12285
0.66832 0.07799 0.08168 0.17201
0.03819 0.87083 0.0288 0.06219
0.10564 0.04944 0.74213 0.10279
0.09515 0.13775 0.09867 0.66843

>SP140L SP140L_motif4
0.14219 0.5195 0.13961 0.1987
0.1556 0.08645 0.63891 0.11904
0.19608 0.13837 0.11003 0.55552
0.28255 0.22365 0.23731 0.25649
0.39977 0.09573 0.3074 0.1971
0.13046 0.29541 0.08671 0.48742
0.18497 0.12773 0.46679 0.22051
0.53483 0.08728 0.10694 0.27095
0.09325 0.7069 0.0836 0.11625
0.10157 0.03153 0.81998 0.04693
0.14939 0.12917 0.10142 0.62002

>TPRX1 TPRX1_motif1
0.02255 0.00784 0.00355 0.96605
0.81788 0.01397 0.05994 0.10821
0.9956 0.00054 0.00174 0.00212
0.04835 0.01091 0.05813 0.88261
0.0284 0.93985 0.02632 0.00543
0.02345 0.47688 0.47833 0.02134
0.0055 0.02493 0.94033 0.02924
0.88356 0.05776 0.01015 0.04854
0.0018 0.0017 0.00054 0.99596
0.10802 0.05966 0.01388 0.81844
0.96564 0.00299 0.00793 0.02345

>TPRX1 TPRX1_motif2
0.09203 0.21966 0.58461 0.1037
0.45836 0.22002 0.11705 0.20457
0.0117 0.00333 0.00194 0.98303
0.79654 0.01057 0.03182 0.16107
0.99784 0.00017 0.00093 0.00107
0.06534 0.00861 0.03905 0.887
0.02805 0.94353 0.02478 0.00363
0.01301 0.49018 0.48363 0.01317
0.00359 0.02515 0.9433 0.02796
0.88884 0.039 0.00797 0.0642
0.00095 0.00111 0.00022 0.99773
0.1625 0.03188 0.01116 0.79447
0.98408 0.00163 0.00302 0.01128
0.20225 0.11817 0.22165 0.45794
0.10287 0.5847 0.21945 0.09299

>TPRX1 TPRX1_motif3
0.19151 0.12244 0.06879 0.61726
0.50684 0.07196 0.26589 0.15531
0.88103 0.02256 0.06823 0.02817
0.07059 0.0323 0.39627 0.50084
0.12542 0.68022 0.11666 0.0777
0.12318 0.34689 0.39762 0.13231
0.01761 0.08104 0.82223 0.07912
0.85667 0.02101 0.03696 0.08536
0.00506 0.03127 0.00417 0.95949
0.14873 0.2844 0.07219 0.49468
0.65068 0.05918 0.12301 0.16714

>TPRX1 TPRX1_motif4
0.12436 0.07453 0.03112 0.76999
0.58161 0.04402 0.26419 0.11017
0.97877 0.00216 0.0153 0.00377
0.04442 0.01432 0.18478 0.75647
0.04742 0.89794 0.04865 0.006
0.06482 0.43353 0.43503 0.06661
0.00602 0.0443 0.90117 0.04852
0.75533 0.18445 0.01498 0.04524
0.00311 0.01404 0.00216 0.98069
0.11267 0.26753 0.04202 0.57778
0.76787 0.03172 0.07285 0.12756

>USF3 USF3_motif1
0.404 0.594 0.001 0.001
0.001 0.997 0.001 0.001
0.001 0.997 0.001 0.001
0.997 0.001 0.001 0.001
0.001 0.997 0.001 0.001
0.001 0.001 0.997 0.001
0.001 0.001 0.001 0.997
0.001 0.001 0.997 0.001

>USF3 USF3_motif2
0.001 0.058 0.94 0.001
0.001 0.001 0.997 0.001
0.252 0.001 0.746 0.001
0.268 0.121 0.61 0.001
0.894 0.104 0.001 0.001
0.764 0.001 0.001 0.234
0.004 0.001 0.994 0.001
0.001 0.001 0.997 0.001

>USF3 USF3_motif3
0.3027 0.28571 0.12687 0.28472
0.047 0.865 0.001 0.087
0.815 0.001 0.136 0.048
0.001 0.921 0.001 0.077
0.001 0.001 0.997 0.001
0.108 0.19 0.044 0.658
0.068 0.014 0.843 0.075
0.36064 0.18182 0.27572 0.18182
0.022 0.276 0.322 0.38
0.17918 0.37237 0.31131 0.13714

>USF3 USF3_motif4
0.369 0.494 0.136 0.001
0.001 0.997 0.001 0.001
0.001 0.997 0.001 0.001
0.997 0.001 0.001 0.001
0.001 0.997 0.001 0.001
0.001 0.001 0.997 0.001
0.001 0.001 0.001 0.997
0.001 0.001 0.997 0.001

>ZBED2 ZBED2_motif1
0.296 0.102 0.101 0.501
0.589 0.001 0.311 0.099
0.001 0.001 0.997 0.001
0.001 0.001 0.326 0.672
0.001 0.001 0.097 0.901
0.001 0.001 0.001 0.997
0.001 0.997 0.001 0.001
0.001 0.001 0.9 0.098
0.001 0.179 0.391 0.429
0.392 0.272 0.239 0.097
0.27572 0.1958 0.32867 0.1998
0.2967 0.39161 0.1039 0.20779

>ZBED2 ZBED2_motif2
0.85 0.148 0.001 0.001
0.001 0.997 0.001 0.001
0.001 0.997 0.001 0.001
0.001 0.997 0.001 0.001
0.001 0.09 0.279 0.63
0.734 0.097 0.168 0.001
0.903 0.095 0.001 0.001
0.001 0.997 0.001 0.001

>ZBED2 ZBED2_motif3
0.599 0.001 0.399 0.001
0.001 0.001 0.997 0.001
0.001 0.001 0.142 0.856
0.001 0.001 0.001 0.997
0.001 0.001 0.001 0.997
0.001 0.997 0.001 0.001
0.001 0.001 0.997 0.001
0.22923 0.07608 0.21822 0.47648
0.317 0.17 0.267 0.246
0.019 0.249 0.38 0.352
0.17083 0.33267 0.26573 0.23077
0.40859 0.17283 0.17183 0.24675

>ZBED2 ZBED2_motif4
0.17982 0.27473 0.08991 0.45554
0.185 0.18 0.539 0.096
0.275 0.001 0.455 0.269
0.001 0.001 0.819 0.179
0.001 0.001 0.819 0.179
0.001 0.001 0.089 0.909
0.001 0.001 0.001 0.997
0.001 0.73 0.179 0.09
0.001 0.179 0.731 0.089
0.001 0.365 0.09 0.544
0.281 0.001 0.448 0.27
0.095 0.001 0.718 0.186

>ZBED5 ZBED5_motif1
0.051 0.146 0.71 0.093
0.046 0.08 0.8 0.074
0.107 0.047 0.796 0.05
0.037 0.183 0.001 0.779
0.04 0.036 0.325 0.599
0.338 0.555 0.022 0.085
0.061 0.793 0.124 0.022
0.233 0.17 0.462 0.135

>ZBED5 ZBED5_motif2
0.079 0.148 0.235 0.538
0.032 0.871 0.032 0.065
0.001 0.967 0.031 0.001
0.36036 0.28328 0.32432 0.03203
0.001 0.718 0.086 0.195
0.001 0.001 0.997 0.001
0.001 0.031 0.967 0.001
0.808 0.127 0.001 0.064
0.939 0.001 0.059 0.001
0.001 0.997 0.001 0.001
0.096 0.902 0.001 0.001
0.001 0.967 0.031 0.001

>ZBED5 ZBED5_motif3
0.077 0.04 0.725 0.158
0.001 0.066 0.824 0.109
0.031 0.03 0.899 0.04
0.076 0.001 0.001 0.922
0.389 0.001 0.609 0.001
0.353 0.644 0.001 0.002
0.001 0.997 0.001 0.001
0.295 0.001 0.703 0.001

>ZBED5 ZBED5_motif4
0.001 0.997 0.001 0.001
0.997 0.001 0.001 0.001
0.001 0.997 0.001 0.001
0.001 0.074 0.001 0.924
0.997 0.001 0.001 0.001
0.001 0.783 0.001 0.215
0.001 0.506 0.001 0.492
0.742 0.001 0.001 0.256

>ZBTB47 ZBTB47_motif1
0.1434 0.16773 0.56681 0.12206
0.21195 0.33077 0.22278 0.2345
0.34631 0.30503 0.21025 0.13841
0.4079 0.17532 0.23302 0.18376
0.10691 0.12032 0.28323 0.48954
0.0005 0.11064 0.38188 0.50698
0.87625 0.02549 0.04716 0.0511
0.96685 0.0 0.00353 0.02962
0.37585 0.43956 0.12456 0.06004
0.0 0.46822 0.49418 0.0376
0.03158 0.46903 0.49939 0.0
0.05006 0.12154 0.46519 0.36321
0.02717 0.0 0.00109 0.97173
0.04814 0.04875 0.0336 0.8695
0.50695 0.38427 0.10551 0.00328
0.48133 0.28294 0.12006 0.11567
0.18244 0.23218 0.17301 0.41237
0.14237 0.21209 0.30735 0.33819
0.23172 0.22386 0.33262 0.21179
0.12209 0.56753 0.16669 0.14369

>ZBTB47 ZBTB47_motif2
0.0008 0.00077 0.00633 0.99211
0.0 4e-05 0.0 0.99996
0.99898 1e-05 0.00078 0.00023
0.99992 0.0 2e-05 6e-05
0.00031 0.99948 2e-05 0.00019
0.01111 0.94175 0.00428 0.04286
0.0401 0.94168 0.00901 0.00921
0.08731 0.28079 0.05568 0.57622
0.0683 0.05017 0.01305 0.86848
0.12467 0.15509 0.09033 0.62991
0.32135 0.52066 0.141 0.01699
0.27214 0.37329 0.18478 0.16979
0.21367 0.25361 0.17858 0.35414
0.12121 0.32655 0.16994 0.38231
0.27605 0.2946 0.27007 0.15929
0.05129 0.894 0.01761 0.03711
0.05442 0.79629 0.03238 0.11691

>ZBTB47 ZBTB47_motif3
0.00018 4e-05 0.00203 0.99774
0.0 4e-05 0.0 0.99996
0.99971 0.0 0.00013 0.00016
0.9998 4e-05 6e-05 0.0001
0.0002 0.99957 5e-05 0.00017
0.00457 0.96456 0.00174 0.02914
0.02585 0.9656 0.00429 0.00426
0.06463 0.2487 0.03822 0.64844
0.038 0.01988 0.00533 0.9368
0.08307 0.10213 0.06161 0.75319
0.30348 0.55962 0.12993 0.00697
0.29885 0.34784 0.20516 0.14816
0.19488 0.22896 0.18066 0.3955
0.09257 0.29993 0.17159 0.43591
0.274 0.2667 0.31769 0.1416
0.02289 0.95115 0.00799 0.01798
0.0272 0.86055 0.01715 0.0951
0.35554 0.05801 0.50128 0.08517

>ZBTB47 ZBTB47_motif4
0.0 0.0 0.00115 0.99885
0.0 0.00014 0.0 0.99986
0.99983 0.0 6e-05 0.00011
0.99972 9e-05 3e-05 0.00016
0.00016 0.99969 1e-05 0.00014
0.00195 0.97845 0.00096 0.01864
0.01699 0.97847 0.00283 0.00171
0.05025 0.24353 0.03181 0.67441
0.02615 0.00974 0.0032 0.96091
0.06624 0.08109 0.05214 0.80053
0.26798 0.60562 0.1234 0.00301
0.29394 0.34145 0.23736 0.12726
0.17954 0.21844 0.19032 0.4117
0.06775 0.28523 0.16844 0.47858
0.26991 0.23678 0.37189 0.12143
0.0104 0.97685 0.0042 0.00854
0.01239 0.90261 0.00985 0.07514
0.35796 0.02987 0.55082 0.06135

>ZFTA ZFTA_motif1
0.06396 0.06777 0.53349 0.33478
0.02966 0.01717 0.49105 0.46212
0.01207 0.02156 0.93491 0.03146
0.01425 0.31367 0.62625 0.04583
0.01103 0.847 0.11289 0.02908
0.02654 0.96048 0.00365 0.00934
0.05506 0.82436 0.026 0.09458
0.05112 0.51251 0.0496 0.38678
0.14936 0.34471 0.16827 0.33766
0.2732 0.25662 0.32671 0.14347
0.27429 0.173 0.40353 0.14918
0.295 0.07138 0.50392 0.1297
0.151 0.03193 0.71244 0.10463
0.03877 0.06829 0.82603 0.06691
0.04288 0.33823 0.598 0.0209
0.04606 0.63441 0.30009 0.01945
0.19994 0.67761 0.09318 0.02927
0.23405 0.64611 0.05147 0.06837

>ZFTA ZFTA_motif2
0.04126 0.03035 0.54029 0.38809
0.02162 0.01269 0.69561 0.27009
0.00668 0.23649 0.7322 0.02463
0.01061 0.67649 0.29329 0.01962
0.01357 0.75225 0.21269 0.02149
0.08658 0.75556 0.02028 0.13758
0.19392 0.45626 0.04946 0.30036
0.1367 0.33818 0.14129 0.38383
0.1795 0.29609 0.27239 0.25202
0.12354 0.31981 0.38145 0.1752
0.35885 0.15959 0.32267 0.15889
0.41499 0.06143 0.45251 0.07107
0.15972 0.01804 0.73307 0.08917
0.01744 0.00705 0.96248 0.01303
0.03328 0.37183 0.584 0.01089
0.0323 0.66064 0.29755 0.00951
0.01491 0.95824 0.0241 0.00275
0.5429 0.42455 0.01354 0.01901

>ZFTA ZFTA_motif3
0.04357 0.03368 0.5461 0.37665
0.01801 0.02489 0.67993 0.27717
0.0077 0.15762 0.8041 0.03058
0.0104 0.60361 0.36343 0.02257
0.01726 0.94365 0.0197 0.01939
0.03628 0.83979 0.01807 0.10586
0.05847 0.67578 0.0297 0.23605
0.05519 0.46809 0.08582 0.3909
0.25556 0.24267 0.24656 0.25521
0.39176 0.08657 0.46667 0.055
0.23386 0.02886 0.67846 0.05883
0.10718 0.017 0.84107 0.03475
0.0189 0.01924 0.94234 0.01952
0.02387 0.36653 0.60054 0.00906
0.02864 0.80643 0.1567 0.00824
0.27958 0.67634 0.02574 0.01833
0.37802 0.54637 0.0334 0.04222

>ZFTA ZFTA_motif4
0.02892 0.02351 0.6659 0.28167
0.00875 0.00587 0.64316 0.34222
0.00689 0.03335 0.94551 0.01424
0.00417 0.54637 0.44126 0.00819
0.00831 0.89367 0.08648 0.01153
0.2338 0.75366 0.00358 0.00896
0.10873 0.81767 0.02155 0.05205
0.25067 0.38502 0.05155 0.31276
0.26707 0.23581 0.19194 0.30518
0.24793 0.24632 0.35815 0.14761
0.21889 0.27375 0.31964 0.18772
0.20577 0.21283 0.31833 0.26307
0.17535 0.22792 0.40817 0.18857
0.21957 0.24931 0.32841 0.2027
0.16584 0.36675 0.30538 0.16204
0.20679 0.30248 0.27548 0.21524
0.20868 0.37536 0.24225 0.17371
0.19921 0.32862 0.27381 0.19836
0.14538 0.31227 0.23571 0.30664
0.20597 0.29724 0.27043 0.22636
0.2769 0.17034 0.38328 0.16949
0.31359 0.04212 0.53378 0.11051
0.13625 0.02467 0.80618 0.0329
0.01294 0.04736 0.90736 0.03235
0.01348 0.29226 0.688 0.00626
0.01332 0.68737 0.29405 0.00526
0.24007 0.69541 0.05603 0.00849
0.31955 0.64315 0.01709 0.02021

>ZNF20 ZNF20_motif1
0.027 0.605 0.194 0.174
0.001 0.349 0.001 0.649
0.001 0.001 0.997 0.001
0.001 0.219 0.001 0.779
0.219 0.001 0.779 0.001
0.001 0.001 0.001 0.997
0.001 0.001 0.997 0.001
0.001 0.001 0.001 0.997
0.219 0.001 0.779 0.001
0.001 0.997 0.001 0.001

>ZNF20 ZNF20_motif2
0.223 0.327 0.075 0.375
0.188 0.034 0.692 0.086
0.289 0.089 0.001 0.621
0.08 0.068 0.786 0.066
0.001 0.167 0.187 0.645
0.413 0.027 0.414 0.146
0.001 0.654 0.253 0.092
0.248 0.039 0.212 0.501

>ZNF20 ZNF20_motif3
0.473 0.012 0.514 0.001
0.015 0.705 0.001 0.279
0.199 0.015 0.785 0.001
0.138 0.485 0.177 0.2
0.48849 0.001 0.4975 0.01301
0.019 0.763 0.001 0.217
0.66 0.001 0.132 0.207
0.129 0.505 0.228 0.138

>ZNF20 ZNF20_motif4
0.929 0.004 0.013 0.054
0.001 0.001 0.997 0.001
0.001 0.001 0.001 0.997
0.997 0.001 0.001 0.001
0.001 0.997 0.001 0.001
0.337 0.001 0.044 0.618
0.001 0.966 0.001 0.032
0.147 0.001 0.028 0.824
0.001 0.997 0.001 0.001
0.001 0.997 0.001 0.001

>ZNF251 ZNF251_motif1
0.1 0.1 0.7 0.1
0.1 0.7 0.1 0.1
0.7 0.1 0.1 0.1
0.1 0.7 0.1 0.1
0.7 0.1 0.1 0.1
0.1 0.7 0.1 0.1
0.7 0.1 0.1 0.1
0.1 0.7 0.1 0.1
0.1 0.1 0.7 0.1
0.1 0.7 0.1 0.1

>ZNF251 ZNF251_motif2
0.03403 0.44344 0.15816 0.36436
0.215 0.001 0.761 0.023
0.001 0.02 0.001 0.978
0.098 0.001 0.9 0.001
0.001 0.847 0.001 0.151
0.796 0.063 0.131 0.01
0.033 0.167 0.095 0.705
0.46 0.001 0.516 0.023
0.056 0.08 0.001 0.863
0.053 0.039 0.907 0.001
0.001 0.265 0.001 0.733
0.001 0.091 0.869 0.039

>ZNF251 ZNF251_motif3
0.138 0.515 0.104 0.243
0.242 0.099 0.658 0.001
0.001 0.345 0.068 0.586
0.137 0.001 0.861 0.001
0.069 0.929 0.001 0.001
0.445 0.069 0.382 0.104
0.001 0.271 0.172 0.556
0.103 0.172 0.724 0.001
0.173 0.239 0.104 0.484
0.001 0.48 0.484 0.035
0.242 0.104 0.175 0.479
0.001 0.068 0.93 0.001

>ZNF251 ZNF251_motif4
0.178 0.015 0.609 0.198
0.096 0.67 0.084 0.15
0.217 0.052 0.712 0.019
0.03 0.643 0.108 0.219
0.016 0.069 0.028 0.887
0.547 0.071 0.087 0.295
0.935 0.013 0.051 0.001
0.209 0.157 0.633 0.001
0.035 0.496 0.049 0.42
0.071 0.021 0.823 0.085

>ZNF286B ZNF286B_motif1
0.589 0.12404 0.10748 0.17948
0.35529 0.03546 0.47112 0.13813
0.0496 0.01399 0.90811 0.0283
0.01905 0.00919 0.1851 0.78666
0.9986 0.00105 0.0 0.00035
0.92697 0.04187 0.02045 0.01071
0.00712 0.24136 0.02441 0.72712
0.01889 0.00034 0.98077 0.0
0.99478 0.0 0.00104 0.00418
0.00625 0.0023 0.93947 0.05197
0.15201 0.65604 0.0683 0.12364
0.01934 0.46015 0.02834 0.49216
0.23434 0.0835 0.03838 0.64377
0.32499 0.59127 0.04459 0.03914
0.03212 0.87366 0.0205 0.07372
0.14119 0.69393 0.04673 0.11816

>ZNF286B ZNF286B_motif2
0.15112 0.1259 0.54849 0.1745
0.55914 0.21609 0.07656 0.14821
0.00612 0.41253 0.00827 0.57308
0.03954 0.00913 0.908 0.04333
0.01338 0.00105 0.9838 0.00177
0.00331 0.007 0.8608 0.12889
0.87581 0.00437 0.03543 0.08439
0.62074 0.00219 0.37558 0.0015
0.07959 0.03758 0.79945 0.08337
0.00663 0.99272 9e-05 0.00057
0.00015 0.00069 0.00012 0.99904
0.00036 0.99566 0.0001 0.00387
0.80796 0.00503 0.18476 0.00225
0.00144 0.00484 0.01437 0.97934
0.00018 0.00021 1e-05 0.9996
0.85453 0.14073 0.00047 0.00427
0.01201 0.97657 0.00198 0.00944
0.08796 0.60259 0.01231 0.29715
0.18372 0.06537 0.16197 0.58895

>ZNF286B ZNF286B_motif3
0.15072 0.12577 0.54928 0.17423
0.5603 0.21567 0.07634 0.14769
0.00598 0.41249 0.00812 0.57341
0.03913 0.00898 0.90901 0.04288
0.01329 0.00099 0.98398 0.00173
0.00324 0.00686 0.86152 0.12837
0.87647 0.00426 0.03524 0.08403
0.62112 0.00212 0.37531 0.00146
0.0794 0.03743 0.80007 0.08309
0.00652 0.99286 7e-05 0.00055
0.00014 0.00068 0.00013 0.99905
0.00036 0.99576 0.0001 0.00378
0.80836 0.00495 0.18445 0.00223
0.0014 0.00474 0.01421 0.97965
0.00018 0.00021 2e-05 0.99959
0.85493 0.14047 0.00043 0.00417
0.0119 0.97695 0.00192 0.00923
0.08766 0.60326 0.01218 0.2969
0.18375 0.06506 0.16219 0.589

>ZNF367 ZNF367_motif1
0.011 0.004 0.049 0.936
0.074 0.006 0.009 0.911
0.895 0.003 0.01 0.092
0.98 0.009 0.003 0.008
0.901 0.019 0.041 0.039
0.12288 0.04595 0.47353 0.35764
0.114 0.12 0.697 0.069
0.119 0.263 0.439 0.179
0.222 0.488 0.141 0.149
0.294 0.228 0.282 0.196

>ZNF367 ZNF367_motif2
0.16416 0.4014 0.25826 0.17618
0.211 0.001 0.281 0.507
0.001 0.001 0.013 0.985
0.22 0.001 0.001 0.778
0.87 0.001 0.014 0.115
0.997 0.001 0.001 0.001
0.61 0.229 0.013 0.148
0.20679 0.26973 0.21878 0.3047
0.175 0.486 0.155 0.184
0.108 0.393 0.357 0.142

>ZNF367 ZNF367_motif3
0.064 0.709 0.178 0.049
0.266 0.576 0.105 0.053
0.011 0.014 0.121 0.854
0.001 0.001 0.002 0.996
0.028 0.001 0.001 0.97
0.857 0.001 0.001 0.141
0.997 0.001 0.001 0.001
0.507 0.283 0.081 0.129

>ZNF367 ZNF367_motif4
0.001 0.918 0.08 0.001
0.001 0.001 0.001 0.997
0.313 0.001 0.001 0.685
0.001 0.001 0.001 0.997
0.997 0.001 0.001 0.001
0.997 0.001 0.001 0.001
0.997 0.001 0.001 0.001
0.001 0.834 0.066 0.099

>ZNF395 ZNF395_motif1
0.284 0.212 0.268 0.236
0.343 0.001 0.001 0.655
0.149 0.001 0.849 0.001
0.001 0.997 0.001 0.001
0.001 0.997 0.001 0.001
0.001 0.001 0.997 0.001
0.001 0.001 0.997 0.001
0.001 0.35235 0.1952 0.45145

>ZNF395 ZNF395_motif2
0.19319 0.31331 0.28829 0.20521
0.28729 0.2012 0.27027 0.24124
0.235 0.276 0.214 0.275
0.275 0.206 0.347 0.172
0.001 0.887 0.111 0.001
0.067 0.843 0.079 0.011
0.007 0.001 0.867 0.125
0.069 0.096 0.834 0.001
0.001 0.897 0.101 0.001
0.09 0.846 0.027 0.037
0.012 0.152 0.835 0.001
0.061 0.243 0.695 0.001

>ZNF395 ZNF395_motif3
0.385 0.165 0.232 0.218
0.625 0.108 0.186 0.081
0.47648 0.37137 0.06106 0.09109
0.31 0.059 0.548 0.083
0.001 0.696 0.149 0.154
0.042 0.853 0.033 0.072
0.001 0.001 0.997 0.001
0.082 0.128 0.689 0.101
0.084 0.177 0.179 0.56
0.32 0.447 0.232 0.001

>ZNF395 ZNF395_motif4
0.001 0.91 0.088 0.001
0.037 0.803 0.102 0.058
0.07 0.001 0.898 0.031
0.018 0.016 0.965 0.001
0.001 0.891 0.087 0.021
0.001 0.982 0.001 0.016
0.001 0.001 0.997 0.001
0.001 0.012 0.986 0.001
0.064 0.514 0.243 0.179
0.565 0.129 0.305 0.001

>ZNF493 ZNF493_motif1
0.127 0.001 0.86 0.012
0.009 0.001 0.989 0.001
0.001 0.007 0.991 0.001
0.277 0.609 0.048 0.066
0.997 0.001 0.001 0.001
0.001 0.997 0.001 0.001
0.006 0.009 0.001 0.984
0.001 0.011 0.987 0.001
0.15415 0.01201 0.3964 0.43744
0.02703 0.31932 0.40541 0.24825
0.35564 0.48551 0.03497 0.12388
0.151 0.257 0.012 0.58

>ZNF493 ZNF493_motif2
0.001 0.001 0.759 0.239
0.37 0.001 0.628 0.001
0.001 0.001 0.997 0.001
0.001 0.785 0.213 0.001
0.997 0.001 0.001 0.001
0.001 0.997 0.001 0.001
0.001 0.001 0.001 0.997
0.06 0.001 0.938 0.001
0.282 0.001 0.327 0.39
0.275 0.378 0.346 0.001
0.44855 0.21878 0.14985 0.18282
0.001 0.454 0.107 0.438

>ZNF493 ZNF493_motif3
0.156 0.259 0.51 0.075
0.001 0.085 0.626 0.288
0.559 0.31 0.001 0.13
0.693 0.187 0.081 0.039
0.001 0.947 0.051 0.001
0.08 0.032 0.001 0.887
0.034 0.083 0.807 0.076
0.199 0.001 0.105 0.695
0.001 0.486 0.043 0.47
0.036 0.598 0.001 0.365

>ZNF493 ZNF493_motif4
0.997 0.001 0.001 0.001
0.001 0.997 0.001 0.001
0.001 0.001 0.001 0.997
0.001 0.001 0.997 0.001
0.188 0.001 0.599 0.212
0.001 0.033 0.001 0.965
0.001 0.997 0.001 0.001
0.001 0.001 0.001 0.997
0.015 0.001 0.983 0.001
0.001 0.001 0.997 0.001
0.047 0.001 0.93 0.022
0.001 0.073 0.001 0.925

>ZNF500 ZNF500_motif1
0.15635 0.07706 0.65053 0.11606
0.15044 0.07157 0.59157 0.18641
0.17203 0.17226 0.37473 0.28098
0.32764 0.18758 0.07747 0.40731
0.43495 0.05621 0.44203 0.06681
0.00057 0.00179 0.97871 0.01893
0.00028 0.00293 0.0 0.99679
0.06755 0.02277 0.89818 0.0115
0.02222 0.00286 0.00795 0.96697
0.83814 0.00072 0.16054 0.0006
0.00604 0.00504 0.98587 0.00305
0.98357 0.00866 0.00426 0.0035
0.0 0.97772 0.00114 0.02114
0.12997 0.07849 0.76325 0.02829
0.10678 0.54723 0.21775 0.12823

>ZNF500 ZNF500_motif2
0.13314 0.06172 0.72132 0.08382
0.13337 0.05458 0.65156 0.16049
0.17029 0.1643 0.36986 0.29555
0.32568 0.20198 0.04364 0.4287
0.49647 0.04306 0.41394 0.04654
0.00024 0.00109 0.9839 0.01476
0.00052 0.00169 0.00025 0.99754
0.04073 0.01184 0.943 0.00443
0.01361 0.00134 0.00398 0.98107
0.89399 0.00036 0.1051 0.00055
0.00438 0.00326 0.99096 0.0014
0.98875 0.00608 0.0033 0.00187
0.00041 0.98381 0.00141 0.01438
0.14422 0.0585 0.78154 0.01574
0.07519 0.64913 0.17862 0.09706
0.11831 0.13215 0.55657 0.19297

>ZNF500 ZNF500_motif3
0.17993 0.5737 0.13043 0.11594
0.08682 0.16173 0.68126 0.07018
0.01561 0.75048 0.06225 0.17166
0.01072 0.00041 0.98803 0.00084
0.00189 0.00286 0.00599 0.98926
0.00448 0.98258 0.00674 0.0062
0.00042 0.08713 0.00024 0.91221
0.97938 0.00323 0.00141 0.01598
0.00367 0.93406 0.02087 0.04141
0.99653 0.0 0.00293 0.00054
0.01573 0.97909 0.00421 0.00097
0.05402 0.36962 0.05681 0.51955
0.40338 0.05919 0.21363 0.3238
0.28058 0.35567 0.19182 0.17193
0.1631 0.6438 0.06147 0.13163
0.08309 0.72282 0.06654 0.12755

>ZNF518B ZNF518B_motif1
0.177 0.018 0.794 0.011
0.01 0.02 0.146 0.824
0.88 0.017 0.03 0.073
0.073 0.015 0.896 0.016
0.636 0.014 0.275 0.075
0.24324 0.21221 0.28929 0.25526
0.266 0.168 0.263 0.303
0.07 0.264 0.02 0.646
0.023 0.936 0.028 0.013
0.021 0.056 0.011 0.912

>ZNF518B ZNF518B_motif2
0.001 0.001 0.001 0.997
0.997 0.001 0.001 0.001
0.001 0.001 0.997 0.001
0.997 0.001 0.001 0.001
0.258 0.001 0.233 0.508
0.465 0.101 0.001 0.433
0.001 0.001 0.001 0.997
0.001 0.997 0.001 0.001

>ZNF518B ZNF518B_motif3
0.173 0.001 0.825 0.001
0.001 0.001 0.001 0.997
0.99 0.001 0.001 0.008
0.001 0.001 0.997 0.001
0.938 0.001 0.058 0.003
0.35 0.216 0.184 0.25
0.38839 0.19119 0.08308 0.33734
0.004 0.046 0.001 0.949
0.001 0.997 0.001 0.001
0.001 0.001 0.001 0.997

>ZNF518B ZNF518B_motif4
0.001 0.001 0.001 0.997
0.997 0.001 0.001 0.001
0.001 0.001 0.997 0.001
0.693 0.001 0.284 0.022
0.178 0.127 0.136 0.559
0.198 0.163 0.459 0.18
0.009 0.283 0.001 0.707
0.001 0.997 0.001 0.001
0.001 0.001 0.001 0.997
0.997 0.001 0.001 0.001
0.001 0.622 0.001 0.376
0.349 0.122 0.031 0.498

>ZNF648 ZNF648_motif1
0.001 0.046 0.919 0.034
0.694 0.062 0.171 0.073
0.03 0.027 0.871 0.072
0.088 0.092 0.781 0.039
0.722 0.121 0.087 0.07
0.666 0.062 0.162 0.11
0.091 0.052 0.771 0.086
0.118 0.124 0.708 0.05
0.721 0.066 0.142 0.071
0.608 0.125 0.156 0.111
0.077 0.02 0.834 0.069
0.067 0.09 0.733 0.11

>ZNF648 ZNF648_motif2
0.001 0.016 0.228 0.755
0.001 0.994 0.001 0.004
0.001 0.971 0.001 0.027
0.001 0.014 0.001 0.984
0.001 0.016 0.175 0.808
0.001 0.997 0.001 0.001
0.001 0.997 0.001 0.001
0.008 0.072 0.001 0.919
0.001 0.043 0.11 0.846
0.001 0.984 0.001 0.014
0.011 0.979 0.001 0.009
0.008 0.029 0.01 0.953

>ZNF648 ZNF648_motif3
0.048 0.87 0.005 0.077
0.042 0.239 0.129 0.59
0.063 0.001 0.599 0.337
0.024 0.871 0.001 0.104
0.145 0.81 0.001 0.044
0.012 0.573 0.057 0.358
0.1 0.123 0.28 0.497
0.033 0.878 0.001 0.088

>ZNF648 ZNF648_motif4
0.171 0.001 0.827 0.001
0.318 0.001 0.001 0.68
0.07 0.001 0.928 0.001
0.284 0.077 0.638 0.001
0.429 0.003 0.002 0.566
0.08 0.103 0.764 0.053
0.221 0.001 0.752 0.026
0.279 0.001 0.076 0.644

>ZNF721 ZNF721_motif1
0.08178 0.07021 0.82688 0.02113
0.0595 0.01318 0.9119 0.01542
0.42393 0.17089 0.2089 0.19628
0.39406 0.12322 0.18587 0.29685
0.59401 0.15932 0.20072 0.04595
0.01316 0.54802 0.11373 0.3251
0.27567 0.17902 0.45033 0.09498
0.01402 0.94485 0.00398 0.03715
0.00061 0.00646 0.0 0.99294
0.05542 0.01377 0.86143 0.06939
0.01613 0.36416 0.04653 0.57317
0.05217 0.00058 0.0 0.94725
0.00202 0.11048 0.00794 0.87957
0.06402 0.14213 0.13118 0.66266

>ZNF721 ZNF721_motif2
0.53807 0.15313 0.20042 0.10838
0.49402 0.16054 0.18 0.16544
0.76952 0.08146 0.10626 0.04276
0.93247 0.00302 0.06393 0.00057
0.97795 0.0 4e-05 0.02201
0.60861 0.02748 0.35796 0.00595
0.04886 0.9126 0.00529 0.03325
0.99823 0.0 0.00177 0.0
0.01395 0.00012 0.97903 0.0069
0.0731 0.45697 0.19397 0.27596
0.27157 0.07565 0.63263 0.02016
0.02425 0.11873 0.119 0.73802
0.27938 0.18842 0.0862 0.446
0.18516 0.17706 0.16211 0.47567
0.00677 0.95219 0.00564 0.03539
0.01407 0.88745 0.05382 0.04465

>ZNF721 ZNF721_motif3
0.57959 0.14195 0.19367 0.08478
0.53735 0.13903 0.17565 0.14797
0.82465 0.05598 0.08775 0.03163
0.94353 0.0046 0.05187 0.0
0.99065 9e-05 0.0 0.00926
0.64755 0.01709 0.33383 0.00153
0.02827 0.94829 0.00169 0.02174
1.0 0.0 0.0 0.0
0.00493 0.0 0.99162 0.00345
0.05835 0.46939 0.1941 0.27816
0.24645 0.04682 0.69597 0.01076
0.01461 0.08776 0.0975 0.80013
0.27812 0.17713 0.07328 0.47148
0.16678 0.1604 0.16687 0.50595
0.00091 0.98037 0.00041 0.01832
0.00671 0.93478 0.03896 0.01955

>ZNF780B ZNF780B_motif1
0.10733 0.05465 0.73962 0.0984
0.06964 0.06441 0.01149 0.85446
0.02 0.00911 0.00444 0.96646
0.06253 0.05325 0.0238 0.86041
0.15989 0.81216 0.00544 0.02251
0.97938 0.00347 0.01597 0.00118
0.00088 0.00012 0.99751 0.00149
0.00272 0.99455 0.00076 0.00196
0.99803 0.0002 0.00092 0.00084
0.0397 0.0022 0.92654 0.03156
0.00827 0.62299 0.1083 0.26044

>ZNF780B ZNF780B_motif2
0.03327 0.03802 0.80547 0.12325
0.12741 0.79944 0.01196 0.06118
0.9309 0.01076 0.04651 0.01182
0.06148 0.00853 0.90552 0.02446
0.01365 0.25974 0.62921 0.0974
0.14239 0.45918 0.1502 0.24824
0.12687 0.26102 0.3713 0.24081
0.02054 0.0121 0.96102 0.00634
0.02198 0.02305 0.00359 0.95138
0.01663 0.00731 0.00302 0.97304
0.0777 0.05814 0.0238 0.84036
0.14092 0.83014 0.00415 0.02479
0.98124 0.00206 0.01642 0.00028
0.00047 6e-05 0.99911 0.00035
0.00109 0.99776 0.00019 0.00096
0.99889 9e-05 0.00078 0.00024
0.03665 0.00104 0.92602 0.03629
0.0075 0.58537 0.11852 0.28861

>ZNF780B ZNF780B_motif3
0.04698 0.01133 0.4327 0.50899
0.01949 0.12339 0.78326 0.07386
0.04496 0.62629 0.06417 0.26458
0.11817 0.06472 0.23028 0.58683
0.03611 0.00474 0.89486 0.06429
0.46005 0.01454 0.01774 0.50766
0.48463 0.00415 0.00235 0.50886
0.49019 0.0166 0.01217 0.48104
0.06087 0.89787 0.00398 0.03729
0.59356 0.22426 0.06753 0.11465
