>CAMTA1 TF_CAMTA1_3
0.23971 0.48957 0.17315 0.09757
0.44444 0.36041 0.11844 0.07671
0.09532 0.69092 0.06204 0.15172
0.59898 0.16018 0.15341 0.08742
0.08235 0.83869 0.04625 0.03271
0.27186 0.26734 0.02764 0.43316
0.06486 0.28596 0.61647 0.03271
0.22786 0.75014 0.00846 0.01354
0.6943 0.26904 0.01579 0.02087
0.34349 0.38804 0.08347 0.185
0.12465 0.11224 0.03102 0.73209
0.09532 0.17541 0.69656 0.03271
0.01128 0.97406 0.00846 0.0062
0.77439 0.00733 0.19515 0.02312
0.02989 0.50254 0.43091 0.03666
0.4546 0.44219 0.06261 0.04061
0.29498 0.49464 0.06148 0.1489
0.45911 0.11337 0.21038 0.21715
0.16074 0.53243 0.2053 0.10152
0.45967 0.1568 0.25663 0.1269

>LEUTX TF_LEUTX_3
0.14231 0.13522 0.14005 0.58242
0.21829 0.47714 0.11687 0.1877
0.55827 0.17482 0.12041 0.14649
0.13973 0.4311 0.07115 0.35802
0.22118 0.22376 0.34063 0.21442
0.17193 0.63458 0.06986 0.12363
0.26336 0.57147 0.0322 0.13297
0.08661 0.2067 0.13941 0.56729
0.26561 0.07985 0.30522 0.34932
0.00547 0.01674 0.0029 0.97489
0.97907 0.00901 0.00741 0.00451
0.98551 0.0058 0.00612 0.00258
0.00129 0.00547 0.00837 0.98487
0.00097 0.9868 0.00419 0.00805
0.01739 0.93657 0.00193 0.04411
0.14231 0.66323 0.01674 0.17772
0.50515 0.21958 0.05151 0.22376
0.24598 0.08564 0.45815 0.21024
0.13007 0.59884 0.08628 0.1848
0.48648 0.08113 0.14488 0.28751

>MYF6 TF_MYF6_3
0.21329 0.20635 0.37599 0.20437
0.1746 0.23413 0.42063 0.17063
0.18452 0.21925 0.33433 0.2619
0.2123 0.24702 0.37202 0.16865
0.2877 0.20833 0.27282 0.23115
0.26488 0.17163 0.41865 0.14484
0.28075 0.07242 0.39087 0.25595
0.10417 0.21131 0.53075 0.15377
0.71032 0.04365 0.20238 0.04365
0.78571 0.00893 0.16468 0.04067
0.00099 0.99504 0.00099 0.00298
0.99504 0.0 0.00099 0.00397
0.02976 0.02183 0.90377 0.04464
0.00298 0.48611 0.46429 0.04663
0.00099 0.00298 0.00198 0.99405
0.0 0.00198 0.99702 0.00099
0.29663 0.05853 0.07937 0.56548
0.01885 0.4752 0.1498 0.35615
0.31349 0.20437 0.27877 0.20337
0.09127 0.43254 0.23115 0.24504

>PRDM13 TF_PRDM13_3
0.12124 0.57542 0.16301 0.14033
0.2821 0.40095 0.15274 0.1642
0.20286 0.37136 0.16921 0.25656
0.1432 0.17327 0.32673 0.3568
0.17518 0.22936 0.55155 0.04391
0.06993 0.83317 0.03819 0.05871
0.00955 0.97828 0.00263 0.00955
0.97255 0.0105 0.00215 0.0148
0.00286 0.98353 0.00979 0.00382
0.00644 0.98831 0.0031 0.00215
0.27947 0.01384 0.00382 0.70286
0.00477 0.04463 0.91026 0.04033
0.01193 0.89332 0.01981 0.07494
0.30621 0.22745 0.01241 0.45394
0.16921 0.37446 0.37828 0.07804
0.16158 0.52339 0.14535 0.16969
0.26014 0.39379 0.16253 0.18353
0.21313 0.37852 0.21456 0.19379
0.16229 0.5136 0.17017 0.15394
0.25251 0.4148 0.16205 0.17064

>SALL3 TF_SALL3_3
0.23297 0.10571 0.08756 0.57376
0.40074 0.11649 0.1483 0.33447
0.42466 0.06732 0.14515 0.36287
0.27268 0.07599 0.22114 0.43019
0.69156 0.02998 0.12122 0.15724
0.83802 0.0192 0.10413 0.03865
0.60373 0.00789 0.01104 0.37733
0.0163 0.01709 0.04128 0.92532
0.97712 0.00316 0.01288 0.00684
0.00158 0.0021 0.00526 0.99106
0.00342 0.03182 0.87457 0.09019
0.65238 0.03971 0.03655 0.27136
0.69314 0.01473 0.01052 0.28162
0.19616 0.02235 0.03366 0.74783
0.45201 0.0568 0.06179 0.4294
0.26768 0.03892 0.0305 0.6629
0.14094 0.14962 0.18827 0.52117
0.56377 0.09677 0.12438 0.21509
0.48304 0.05916 0.08283 0.37497
0.29214 0.08809 0.14383 0.47594

>USF3 TF_USF3_3
0.26949 0.32382 0.22222 0.18447
0.15623 0.40669 0.25506 0.18201
0.20964 0.39073 0.21271 0.18692
0.14211 0.42971 0.1814 0.24678
0.155 0.35513 0.3011 0.18877
0.15531 0.24248 0.31001 0.2922
0.19061 0.18877 0.3938 0.22683
0.28361 0.32719 0.26182 0.12738
0.31584 0.63751 0.04144 0.00522
0.01013 0.97575 0.00215 0.01197
0.00092 0.99816 0.00031 0.00061
0.99547 0.00192 0.00069 0.00192
0.00253 0.99118 0.00253 0.00376
0.00468 0.00529 0.98903 0.001
0.00161 0.00161 0.00069 0.99609
0.0013 0.0013 0.99731 8e-05
0.30333 0.01604 0.6296 0.05103
0.01634 0.44452 0.2487 0.29044
0.10321 0.67258 0.09339 0.13083
0.17933 0.39111 0.09615 0.33341

>ZBED2 TF_ZBED2_3
0.10783 0.23132 0.40224 0.25861
0.18031 0.25951 0.32036 0.23982
0.19016 0.21208 0.17584 0.42192
0.33154 0.00582 0.63714 0.0255
0.01074 0.02416 0.94944 0.01566
0.02685 0.01969 0.40134 0.55213
0.01163 0.01163 0.01342 0.96331
0.00358 0.0085 0.00537 0.98255
0.02774 0.93244 0.01655 0.02327
0.00805 0.02595 0.94676 0.01924
0.16555 0.10022 0.36823 0.366
0.19329 0.11767 0.51007 0.17897
0.13557 0.21521 0.31902 0.3302
0.1557 0.14855 0.19776 0.49799
0.15436 0.34944 0.25369 0.24251
0.21521 0.20268 0.28501 0.29709
0.17763 0.22461 0.26398 0.33378
0.15257 0.18255 0.43982 0.22506
0.15794 0.31857 0.21163 0.31186
0.12886 0.28188 0.14676 0.44251

>ZBED5 TF_ZBED5_3
0.19115 0.14376 0.38231 0.28278
0.18167 0.13112 0.52765 0.15956
0.11532 0.19905 0.61611 0.06951
0.12322 0.22591 0.21959 0.43128
0.23697 0.09795 0.49131 0.17378
0.18325 0.01738 0.6872 0.11216
0.02844 0.01896 0.76145 0.19115
0.01264 0.00948 0.87046 0.10742
0.01422 0.0158 0.95577 0.01422
0.04581 0.01106 0.04423 0.89889
0.02528 0.00474 0.57346 0.39652
0.07583 0.62085 0.297 0.00632
0.04581 0.66035 0.00474 0.2891
0.07267 0.04265 0.8436 0.04107
0.05055 0.22907 0.4218 0.29858
0.04423 0.02212 0.68404 0.24961
0.06161 0.03949 0.82938 0.06951
0.4376 0.18641 0.33649 0.03949
0.27488 0.08373 0.29858 0.34281
0.07425 0.38547 0.49131 0.04897

>ZNF20 TF_ZNF20_3
0.13788 0.3788 0.21688 0.26644
0.3631 0.17812 0.28361 0.17517
0.07262 0.54711 0.14426 0.23602
0.11727 0.13395 0.14966 0.59912
0.1683 0.35083 0.1634 0.31747
0.19971 0.09863 0.26595 0.43572
0.05348 0.22964 0.4897 0.22718
0.51521 0.04956 0.10353 0.3317
0.05054 0.00834 0.81452 0.12659
0.01276 0.07311 0.90088 0.01325
0.59764 0.09715 0.01816 0.28705
0.10746 0.00785 0.8788 0.00589
0.42002 0.08194 0.03582 0.46222
0.05152 0.00343 0.93768 0.00736
0.00736 0.05986 0.02699 0.90579
0.80765 0.00736 0.17419 0.01079
0.00491 0.95829 0.01816 0.01865
0.25613 0.04956 0.05201 0.6423
0.079 0.09323 0.24092 0.58685
0.15898 0.13052 0.33121 0.37929

>ZNF251 TF_ZNF251_3
0.44977 0.02453 0.44977 0.07593
0.01636 0.32944 0.01402 0.64019
0.01051 0.00584 0.98364 0.0
0.00467 0.70327 0.00117 0.29089
0.03621 0.01168 0.0035 0.9486
0.9229 0.03388 0.03505 0.00818
0.99416 0.00234 0.0 0.0035
0.03388 0.03154 0.93458 0.0
0.02336 0.0479 0.00935 0.91939
0.01168 0.01168 0.9743 0.00234
0.91706 0.06893 0.00584 0.00818
0.91005 0.03271 0.04673 0.01051
0.94159 0.00818 0.02687 0.02336
0.19626 0.16238 0.41005 0.23131
0.85748 0.02453 0.05374 0.06425
0.78388 0.03855 0.13201 0.04556
0.08528 0.07477 0.81192 0.02804
0.03154 0.81075 0.06308 0.09463
0.13435 0.73481 0.03621 0.09463
0.79089 0.07009 0.0514 0.08762

>ZNF367 TF_ZNF367_3
0.23022 0.27349 0.19503 0.30126
0.25993 0.19406 0.20375 0.34227
0.19244 0.05166 0.39135 0.36455
0.07071 0.05651 0.52954 0.34324
0.165 0.58153 0.18437 0.0691
0.031 0.84759 0.03842 0.08298
0.30417 0.58379 0.00484 0.1072
0.00258 0.00194 0.00161 0.99387
0.00032 0.00129 0.00226 0.99613
0.00129 0.00161 0.00065 0.99645
0.99322 0.00097 0.00129 0.00452
0.98999 0.0071 0.00097 0.00194
0.69745 0.16338 0.04133 0.09784
0.14659 0.21182 0.16855 0.47304
0.18792 0.31321 0.27091 0.22796
0.23248 0.24604 0.16855 0.35292
0.17113 0.21182 0.20568 0.41137
0.36293 0.1495 0.23926 0.2483
0.31127 0.23571 0.20375 0.24927
0.39005 0.18696 0.1692 0.25379

>ZNF395 TF_ZNF395_3
0.48834 0.10973 0.30439 0.09754
0.23209 0.04684 0.66225 0.05882
0.25369 0.12428 0.56043 0.0616
0.25283 0.24107 0.42374 0.08235
0.38374 0.26973 0.26139 0.08513
0.21112 0.23422 0.43979 0.11487
0.19957 0.12856 0.57797 0.0939
0.10717 0.1523 0.48706 0.25348
0.18182 0.35829 0.38652 0.07337
0.47615 0.02973 0.26225 0.23187
0.22481 0.01733 0.73005 0.02781
0.18909 0.05818 0.73348 0.01925
0.88278 0.01904 0.05797 0.04021
0.42075 0.06053 0.48813 0.03059
0.35872 0.07807 0.48791 0.07529
0.19594 0.22973 0.37882 0.19551
0.38053 0.12278 0.33433 0.16235
0.17882 0.08043 0.71893 0.02182
0.72706 0.10032 0.10524 0.06738
0.16984 0.04021 0.71765 0.0723

>ZNF493 TF_ZNF493_3
0.17841 0.12952 0.13333 0.55873
0.09841 0.00825 0.86794 0.0254
0.02603 0.00825 0.94222 0.02349
0.0419 0.01143 0.9346 0.01206
0.24635 0.66921 0.05079 0.03365
0.96698 0.01016 0.01778 0.00508
0.01206 0.95746 0.01524 0.01524
0.00952 0.0527 0.01841 0.91937
0.07937 0.00762 0.89714 0.01587
0.1346 0.01524 0.50603 0.34413
0.03238 0.28 0.3727 0.31492
0.1727 0.65016 0.09079 0.08635
0.14286 0.19365 0.04571 0.61778
0.10032 0.04825 0.79746 0.05397
0.04063 0.05333 0.83365 0.07238
0.24952 0.1619 0.47048 0.1181
0.16444 0.15683 0.20063 0.4781
0.17524 0.10857 0.58857 0.12762
0.15619 0.45333 0.2381 0.15238
0.16063 0.40063 0.1619 0.27683

>ZNF518B TF_ZNF518B_3
0.15698 0.15698 0.20174 0.4843
0.1438 0.13004 0.19671 0.52946
0.11977 0.49012 0.22209 0.16802
0.16531 0.02829 0.10388 0.70252
0.03081 0.00116 0.96647 0.00155
0.00213 0.00329 0.00543 0.98915
0.95407 0.00446 0.03973 0.00174
0.00426 0.00136 0.9874 0.00698
0.65484 0.00329 0.25504 0.08682
0.1874 0.11182 0.15271 0.54806
0.22364 0.16221 0.37326 0.24089
0.05252 0.19845 0.00484 0.74419
0.00116 0.98101 0.01531 0.00252
0.00233 0.05756 0.00329 0.93682
0.98391 0.00388 0.01066 0.00155
0.00523 0.60291 0.00872 0.38314
0.17597 0.23508 0.08391 0.50504
0.42171 0.10756 0.21628 0.25446
0.16202 0.15097 0.45465 0.23236
0.15562 0.15465 0.46977 0.21996

>ZNF648 TF_ZNF648_3
0.12408 0.01373 0.32173 0.54046
0.0255 0.05248 0.88573 0.03629
0.27513 0.03727 0.45562 0.23198
0.12849 0.03825 0.53359 0.29966
0.09613 0.07111 0.66258 0.17018
0.22021 0.04953 0.59245 0.13781
0.22756 0.05934 0.35606 0.35704
0.03973 0.01864 0.76018 0.18146
0.09416 0.15596 0.68024 0.06964
0.31731 0.07308 0.22462 0.38499
0.11869 0.02501 0.74497 0.11133
0.0873 0.03776 0.85532 0.01962
0.17607 0.01569 0.35704 0.4512
0.0309 0.11623 0.84306 0.00981
0.52575 0.05297 0.15351 0.26778
0.12212 0.05199 0.57675 0.24914
0.0412 0.03776 0.66797 0.25307
0.06474 0.11721 0.79794 0.02011
0.26484 0.03188 0.17509 0.5282
0.03433 0.03041 0.91123 0.02403

