>GCM1 GCM1motif0
0.24300 0.22700 0.27800 0.25200
0.18300 0.20900 0.33000 0.27800
0.45200 0.22600 0.25200 0.07000
0.14800 0.81700 0.01800 0.01700
0.02600 0.95700 0.00800 0.00900
0.01700 0.96500 0.00900 0.00900
0.00900 0.96500 0.01700 0.00900
0.00900 0.97300 0.00900 0.00900
0.17400 0.23500 0.04300 0.54800
0.22600 0.33900 0.09600 0.33900
0.38300 0.19100 0.13900 0.28700
0.27900 0.17400 0.10400 0.44300
0.32200 0.13900 0.20000 0.33900
0.33900 0.27000 0.13000 0.26100
0.28700 0.19100 0.21700 0.30500
0.29600 0.23500 0.21700 0.25200
0.26100 0.23500 0.27800 0.22600
0.27800 0.32200 0.19100 0.20900

>GCM1 GCM1motif1
0.20610 0.21490 0.00000 0.57900
0.26510 0.00000 0.64460 0.09030
0.49090 0.29470 0.21440 0.00000
0.11360 0.76630 0.12010 0.00000
0.00700 0.90050 0.09250 0.00000
0.12280 0.82870 0.04850 0.00000
0.00000 0.98140 0.01860 0.00000
0.01250 0.98070 0.00680 0.00000
0.08630 0.59230 0.00000 0.32140
0.08490 0.73330 0.00000 0.18180
0.19170 0.69100 0.00000 0.11730
0.03310 0.54000 0.42690 0.00000
0.09290 0.45160 0.00000 0.45550
0.61870 0.08320 0.00000 0.29810
0.21230 0.23290 0.00000 0.55480
0.46460 0.00010 0.11360 0.42170
0.30130 0.38010 0.00000 0.31860
0.00000 0.65230 0.09270 0.25500

>GCM1 GCM1motif2
0.00000 0.67990 0.24230 0.07780
0.37000 0.00000 0.59430 0.03570
0.27560 0.21510 0.50930 0.00000
0.13330 0.67220 0.19450 0.00000
0.33420 0.57440 0.09140 0.00000
0.09780 0.87860 0.02360 0.00000
0.00310 0.99380 0.00000 0.00310
0.01090 0.97990 0.00920 0.00000
0.00000 0.57530 0.24640 0.17830
0.03430 0.85270 0.00000 0.11300
0.46270 0.40600 0.00000 0.13130
0.00000 0.30660 0.04710 0.64630
0.23750 0.00000 0.54800 0.21450
0.46320 0.38850 0.00000 0.14830
0.00000 0.56560 0.01890 0.41550
0.39740 0.00000 0.05610 0.54650
0.47610 0.28280 0.00000 0.24110
0.00000 0.54530 0.19380 0.26090

>GCM1 GCM1motif3
0.14600 0.82800 0.01300 0.01300
0.02500 0.87900 0.06300 0.03300
0.05400 0.87900 0.06300 0.00400
0.03300 0.28500 0.62800 0.05400
0.07100 0.65300 0.18800 0.08800
0.69500 0.16300 0.07500 0.06700
0.02100 0.82400 0.08800 0.06700
0.02900 0.80800 0.12600 0.03700
0.03300 0.54400 0.28500 0.13800
0.13900 0.39700 0.16700 0.29700
0.34700 0.25500 0.17600 0.22200
0.28900 0.24700 0.14600 0.31800
0.30100 0.16300 0.19700 0.33900
0.34300 0.18000 0.25900 0.21800
0.28500 0.27200 0.28000 0.16300

>MKX MKXmotif0
0.25000 0.39286 0.25000 0.10714
0.21429 0.53571 0.00000 0.25000
0.96429 0.00000 0.03571 0.00000
0.00000 0.00000 0.00000 1.00000
0.07143 0.00000 0.92857 0.00000
0.17857 0.14286 0.07143 0.60714
0.00000 1.00000 0.00000 0.00000
0.67857 0.00000 0.32143 0.00000
0.00000 0.39286 0.21428 0.39286
0.39286 0.14286 0.39285 0.07143

>MKX MKXmotif1
0.26300 0.01000 0.01000 0.71700
0.09100 0.36300 0.18200 0.36400
0.25300 0.10000 0.38400 0.26300
0.28300 0.04000 0.50500 0.17200
0.27300 0.34300 0.25300 0.13100
0.34300 0.08100 0.08100 0.49500
0.70800 0.23200 0.02000 0.04000
0.84800 0.04000 0.02000 0.09200
0.06100 0.71700 0.01000 0.21200
0.70700 0.11100 0.03000 0.15200
0.11100 0.18200 0.01000 0.69700
0.13100 0.66700 0.12100 0.08100
0.42400 0.13100 0.02000 0.42500
0.65700 0.09100 0.12100 0.13100

>MKX MKXmotif2
0.31010 0.00000 0.62680 0.06310
0.36620 0.03620 0.59760 0.00000
0.00000 0.12380 0.87620 0.00000
0.00000 0.97120 0.02460 0.00420
0.00000 0.67020 0.05820 0.27160
0.11770 0.84810 0.00000 0.03420
0.00000 0.58290 0.02790 0.38920
0.10140 0.27220 0.00000 0.62640
0.10560 0.73810 0.00000 0.15630
0.98320 0.00000 0.00000 0.01680
0.00000 0.98850 0.01150 0.00000
0.71460 0.06600 0.00000 0.21940
0.00000 0.02090 0.18830 0.79080
0.14160 0.00000 0.75360 0.10480
0.52000 0.32690 0.00000 0.15310
0.27450 0.33920 0.38630 0.00000
0.00000 0.59930 0.26290 0.13780
0.08290 0.73580 0.18120 0.00010
0.07950 0.20600 0.00000 0.71450
0.00000 0.13330 0.56350 0.30320
0.63380 0.00000 0.27870 0.08750
0.50450 0.00000 0.00000 0.49550
0.83070 0.16930 0.00000 0.00000
0.96440 0.03140 0.00000 0.00420
0.09970 0.32770 0.00000 0.57260
0.70920 0.01620 0.00000 0.27460
0.36990 0.44650 0.00010 0.18350

>MKX MKXmotif3
0.14700 0.82400 0.00100 0.02800
0.97200 0.02500 0.00100 0.00200
0.98700 0.00100 0.00100 0.01100
0.35400 0.26400 0.18300 0.19900
0.92000 0.00100 0.00100 0.07800
0.32100 0.00200 0.39100 0.28600
0.43100 0.08300 0.04200 0.44400
0.36400 0.03100 0.05900 0.54600
0.00100 0.00100 0.74600 0.25200
0.00100 0.00200 0.00100 0.99600
0.71800 0.28000 0.00100 0.00100
0.89800 0.00200 0.00100 0.09900
0.64000 0.23600 0.00600 0.11800
0.29300 0.16700 0.06600 0.47400
0.71200 0.28300 0.00400 0.00100
0.27800 0.02500 0.62700 0.07000
0.32800 0.24000 0.12700 0.30500
0.07100 0.44000 0.24400 0.24500
0.24600 0.26500 0.25700 0.23200
0.26700 0.25100 0.26100 0.22100
0.35900 0.40200 0.23800 0.00100
0.00800 0.38600 0.00100 0.60500

>MSANTD1 MSANTD1motif0
0.23100 0.21900 0.21700 0.33300
0.18900 0.49800 0.28400 0.02900
0.00200 0.80500 0.19200 0.00100
0.00100 0.67700 0.31600 0.00600
0.00200 0.08600 0.91100 0.00100
0.33000 0.00800 0.05100 0.61100
0.00100 0.00100 0.27100 0.72700
0.00100 0.92800 0.07000 0.00100
0.00100 0.00700 0.99100 0.00100
0.00100 0.90400 0.09400 0.00100
0.08500 0.09000 0.82400 0.00100
0.86100 0.00200 0.13500 0.00200
0.51300 0.06500 0.00100 0.42100
0.09500 0.04300 0.83500 0.02700
0.00100 0.05300 0.34300 0.60300
0.00100 0.00100 0.11900 0.87900
0.00200 0.00100 0.99500 0.00200
0.00100 0.00100 0.00600 0.99200
0.00100 0.66200 0.00100 0.33600
0.24300 0.32800 0.16500 0.26400
0.99600 0.00100 0.00200 0.00100
0.00100 0.00200 0.99600 0.00100
0.99300 0.00100 0.00100 0.00500

>MSANTD1 MSANTD1motif1
0.00200 0.70800 0.00100 0.28900
0.01400 0.08700 0.00700 0.89200
0.00100 0.02500 0.92600 0.04800
0.89700 0.03800 0.02700 0.03800
0.00100 0.47800 0.51900 0.00200
0.58500 0.41300 0.00100 0.00100
0.00400 0.84400 0.15100 0.00100
0.93600 0.00100 0.06100 0.00200
0.02400 0.94500 0.02400 0.00700
0.00100 0.00100 0.01200 0.98600
0.00100 0.00100 0.99300 0.00500
0.00100 0.00100 0.09000 0.90800
0.00100 0.98500 0.00100 0.01300
0.21100 0.56800 0.02000 0.20100
0.00100 0.59000 0.40400 0.00500
0.07500 0.91100 0.01300 0.00100
0.38300 0.36100 0.25500 0.00100
0.00100 0.18900 0.80900 0.00100
0.00100 0.00100 0.99600 0.00200
0.00100 0.00100 0.99700 0.00100
0.00200 0.59400 0.22700 0.17700
0.17200 0.18900 0.45600 0.18300
0.18400 0.17700 0.45200 0.18700

>MSANTD1 MSANTD1motif2
0.66900 0.00300 0.00700 0.32100
0.01500 0.28400 0.68100 0.02000
0.00100 0.10600 0.71700 0.17600
0.00100 0.00300 0.92700 0.06900
0.00100 0.90200 0.08200 0.01500
0.00200 0.05000 0.94700 0.00100
0.71200 0.25000 0.03700 0.00100
0.00300 0.00200 0.99400 0.00100
0.99600 0.00200 0.00100 0.00100
0.05100 0.68500 0.23900 0.02500
0.99700 0.00100 0.00100 0.00100
0.00100 0.00200 0.99600 0.00100
0.00100 0.00100 0.00200 0.99600
0.00200 0.00100 0.86100 0.13600
0.00100 0.00200 0.63400 0.36300
0.00100 0.84800 0.06600 0.08500
0.00100 0.10500 0.01600 0.87800
0.95500 0.00100 0.04100 0.00300
0.89400 0.00100 0.10400 0.00100
0.00300 0.00200 0.99400 0.00100
0.00400 0.00200 0.00100 0.99300
0.26200 0.18300 0.00100 0.55400
0.20500 0.45100 0.16100 0.18300
0.48900 0.15800 0.14800 0.20500

>MSANTD1 MSANTD1motif3
0.54500 0.09100 0.27300 0.09100
0.27300 0.36400 0.18200 0.18100
0.27200 0.09100 0.36400 0.27300
0.09100 0.63600 0.09100 0.18200
0.54500 0.18200 0.18200 0.09100
0.09000 0.36400 0.18200 0.36400
0.09100 0.09100 0.63600 0.18200
0.18200 0.18200 0.09100 0.54500
0.18200 0.27300 0.45400 0.09100
0.54500 0.18200 0.09100 0.18200
0.09100 0.54500 0.27300 0.09100
0.36300 0.27300 0.09100 0.27300
0.09100 0.54500 0.27300 0.09100
0.18200 0.09100 0.36300 0.36400
0.18200 0.36400 0.27300 0.18100
0.09000 0.36400 0.45500 0.09100
0.45500 0.09000 0.27300 0.18200
0.18200 0.54500 0.09100 0.18200
0.09100 0.09100 0.63600 0.18200
0.09100 0.54500 0.18200 0.18200
0.09100 0.45400 0.27300 0.18200

>TPRX1 TPRX1motif0
0.00000 0.07500 0.85000 0.07500
0.90000 0.00000 0.00000 0.10000
0.00000 0.00000 0.00000 1.00000
0.37500 0.00000 0.00000 0.62500
1.00000 0.00000 0.00000 0.00000
0.15000 0.05000 0.07500 0.72500
0.05000 0.85000 0.10000 0.00000
0.00000 0.42500 0.57500 0.00000
0.07500 0.02500 0.75000 0.15000
0.52500 0.05000 0.07500 0.35000

>TPRX1 TPRX1motif1
0.24200 0.23700 0.26400 0.25700
0.25700 0.25800 0.20200 0.28300
0.32700 0.15100 0.07200 0.45000
0.29500 0.06800 0.27700 0.36000
0.48900 0.02800 0.04200 0.44100
0.99600 0.00200 0.00100 0.00100
0.49700 0.00100 0.49100 0.01100
0.26900 0.00500 0.72200 0.00400
0.02500 0.07200 0.90000 0.00300
0.76300 0.00600 0.19800 0.03300
0.00900 0.00600 0.00200 0.98300
0.00100 0.00200 0.00100 0.99600
0.56100 0.00100 0.00100 0.43700
0.45600 0.43300 0.00100 0.11000
0.31100 0.00200 0.27600 0.41100
0.31000 0.20300 0.03400 0.45300

>TPRX1 TPRX1motif2
0.27200 0.24700 0.16800 0.31300
0.23900 0.01100 0.00700 0.74300
0.86900 0.00400 0.01100 0.11600
0.17900 0.00400 0.32800 0.48900
0.52600 0.00400 0.22000 0.25000
0.81300 0.00400 0.17900 0.00400
0.98100 0.00400 0.00400 0.01100
0.06700 0.00400 0.00400 0.92500
0.03000 0.17900 0.00400 0.78700
0.98900 0.00400 0.00400 0.00300
0.28000 0.16000 0.08200 0.47800
0.01100 0.07100 0.70200 0.21600
0.01900 0.48500 0.04500 0.45100
0.19400 0.29100 0.26500 0.25000
0.04100 0.35100 0.37700 0.23100
0.25400 0.37700 0.30200 0.06700

>TPRX1 TPRX1motif3
0.00700 0.54700 0.24100 0.20500
0.24900 0.24800 0.32100 0.18200
0.46700 0.15300 0.28500 0.09500
0.56200 0.02900 0.36500 0.04400
0.70100 0.14600 0.14600 0.00700
0.48900 0.03700 0.32100 0.15300
0.43100 0.00700 0.06600 0.49600
0.69300 0.00800 0.22600 0.07300
0.06600 0.00700 0.00700 0.92000
0.00800 0.00700 0.00700 0.97800
0.00700 0.75900 0.00800 0.22600
0.16100 0.78100 0.02200 0.03600
0.37200 0.19100 0.03600 0.40100
0.29200 0.14600 0.02200 0.54000
0.29200 0.32100 0.16100 0.22600
0.26300 0.20400 0.23400 0.29900

>ZFTA ZFTAmotif0
0.00000 0.12500 0.31250 0.56250
0.31250 0.06250 0.62500 0.00000
0.06250 0.06250 0.56250 0.31250
0.00000 0.06250 0.87500 0.06250
0.00000 0.06250 0.93750 0.00000
0.00000 0.37500 0.62500 0.00000
0.25000 0.75000 0.00000 0.00000
0.06250 0.93750 0.00000 0.00000
0.68750 0.12500 0.00000 0.18750
0.00000 0.62500 0.00000 0.37500

>ZFTA ZFTAmotif1
0.14360 0.00000 0.53730 0.31910
0.16410 0.00000 0.72920 0.10670
0.66750 0.00000 0.08390 0.24860
0.07420 0.00000 0.01010 0.91570
0.00000 0.01170 0.00000 0.98830
0.06910 0.00000 0.00000 0.93090
0.25640 0.04890 0.00000 0.69470
0.32920 0.39450 0.00010 0.27620
0.00000 0.01240 0.77650 0.21110
0.09830 0.00570 0.89600 0.00000
0.00000 0.01300 0.70130 0.28570
0.33620 0.00000 0.54590 0.11790
0.36240 0.62690 0.00000 0.01070
0.19840 0.00000 0.36940 0.43220
0.31620 0.00000 0.00310 0.68070
0.81950 0.01220 0.00000 0.16830
0.94510 0.00000 0.00310 0.05180
0.00000 0.00780 0.59350 0.39870
0.00000 0.00920 0.09080 0.90000
0.19490 0.00000 0.28540 0.51970
0.43880 0.00000 0.31630 0.24490

>ZFTA ZFTAmotif2
0.62900 0.00870 0.00000 0.36230
0.00000 0.98270 0.00000 0.01730
0.55500 0.44500 0.00000 0.00000
0.51420 0.00450 0.00000 0.48130
0.73500 0.00000 0.00000 0.26500
0.88890 0.00000 0.00000 0.11110
0.68520 0.00000 0.00250 0.31230
0.30480 0.38060 0.00010 0.31450
0.11840 0.16890 0.00000 0.71270
0.15820 0.33390 0.00000 0.50790
0.00000 0.40710 0.35250 0.24040
0.29780 0.27450 0.00000 0.42770

>ZFTA ZFTAmotif3
0.04990 0.05260 0.89750 0.00000
0.50900 0.01570 0.47530 0.00000
0.47280 0.00010 0.52360 0.00350
0.00410 0.00000 0.01320 0.98270
0.00000 0.00710 0.98690 0.00600
0.00000 0.03200 0.68920 0.27880
0.00000 0.46830 0.53170 0.00000
0.00000 0.53100 0.46750 0.00150
0.00000 0.94520 0.00300 0.05180
0.00000 0.84320 0.01420 0.14260
0.00000 0.78380 0.00760 0.20860
0.00000 0.56090 0.07110 0.36800
0.00000 0.59520 0.39180 0.01300
0.35960 0.22210 0.41830 0.00000
0.09990 0.44880 0.45130 0.00000
0.04470 0.56240 0.00000 0.39290
0.46200 0.48640 0.00000 0.05160

>MYPOP MYPOPmotif0
0.15909 0.00000 0.00000 0.84091
0.00000 0.00000 0.00000 1.00000
0.09091 0.00000 0.00000 0.90909
0.00000 0.00000 1.00000 0.00000
0.00000 1.00000 0.00000 0.00000
0.00000 0.00000 1.00000 0.00000
0.00000 0.81818 0.00000 0.18182
0.15909 0.36364 0.09091 0.38636
0.52273 0.02273 0.31818 0.13636
0.27273 0.20455 0.31818 0.20454

>MYPOP MYPOPmotif1
0.22700 0.31800 0.22700 0.22800
0.18200 0.22700 0.31800 0.27300
0.27300 0.22700 0.13600 0.36400
0.22700 0.31800 0.18200 0.27300
0.40900 0.13700 0.31800 0.13600
0.27300 0.13600 0.22700 0.36400
0.36400 0.22700 0.09100 0.31800
0.13600 0.40900 0.27300 0.18200
0.31800 0.31800 0.18200 0.18200
0.22700 0.50100 0.13600 0.13600
0.27300 0.50000 0.09100 0.13600
0.13700 0.59100 0.22700 0.04500
0.13600 0.18200 0.36400 0.31800
0.04500 0.18200 0.13700 0.63600
0.04500 0.50000 0.22800 0.22700
0.09100 0.04500 0.50000 0.36400
0.22700 0.27300 0.09100 0.40900
0.04500 0.04500 0.86400 0.04600
0.04600 0.86400 0.04500 0.04500
0.04500 0.04600 0.04500 0.86400
0.27400 0.04500 0.04500 0.63600

>MYPOP MYPOPmotif2
0.11800 0.29400 0.17600 0.41200
0.23500 0.23500 0.35400 0.17600
0.29400 0.23500 0.35300 0.11800
0.29400 0.05900 0.23500 0.41200
0.11800 0.23500 0.23500 0.41200
0.23500 0.11800 0.23500 0.41200
0.17600 0.47100 0.05900 0.29400
0.11800 0.23500 0.47100 0.17600
0.35300 0.11800 0.23500 0.29400
0.29400 0.41200 0.11800 0.17600
0.41200 0.29400 0.17600 0.11800
0.23500 0.29400 0.23500 0.23600
0.05800 0.05900 0.82400 0.05900
0.05900 0.41200 0.05800 0.47100
0.05900 0.29400 0.23500 0.41200
0.05900 0.17600 0.23600 0.52900
0.11800 0.05900 0.23500 0.58800
0.17600 0.11800 0.35300 0.35300
0.41200 0.23500 0.05900 0.29400
0.35300 0.29400 0.23500 0.11800

>MYPOP MYPOPmotif3
0.34940 0.42300 0.22760 0.00000
0.00010 0.03690 0.04070 0.92230
0.00000 0.18280 0.41060 0.40660
0.08250 0.00000 0.35980 0.55770
0.02100 0.00000 0.08820 0.89080
0.18820 0.00000 0.63760 0.17420
0.29360 0.03280 0.67360 0.00000
0.00000 0.85950 0.11970 0.02080
0.21170 0.23610 0.55220 0.00000
0.06740 0.92210 0.01050 0.00000
0.28400 0.66690 0.00000 0.04910
0.66150 0.29270 0.04580 0.00000
0.64680 0.00000 0.26200 0.09120
0.00000 0.53260 0.03780 0.42960
0.00000 0.27780 0.56180 0.16040
0.00000 0.05370 0.21940 0.72690
0.00000 0.12570 0.12090 0.75340
0.00000 0.00000 0.48390 0.51610
0.00000 0.48670 0.00050 0.51280
0.00000 0.06560 0.05220 0.88220
0.13290 0.00000 0.11920 0.74790

>CREB3L3 CREB3L3motif0
0.94231 0.03846 0.01923 0.00000
0.01923 0.61538 0.00000 0.36539
0.00000 0.00000 1.00000 0.00000
0.36538 0.00000 0.00000 0.63462
0.00000 0.98077 0.01923 0.00000
0.59615 0.00000 0.40385 0.00000
0.00000 0.00000 0.00000 1.00000
0.00000 0.61538 0.36539 0.01923
0.65385 0.00000 0.34615 0.00000
0.01923 0.78846 0.05769 0.13462

>CREB3L3 CREB3L3motif1
0.17300 0.17400 0.00300 0.65000
0.00200 0.03300 0.18000 0.78500
0.00100 0.00500 0.22600 0.76800
0.04900 0.01300 0.92700 0.01100
0.73700 0.11600 0.14500 0.00200
0.80300 0.19400 0.00200 0.00100
0.00100 0.19100 0.13800 0.67000
0.00400 0.00100 0.01100 0.98400
0.94600 0.00400 0.04900 0.00100
0.06600 0.93200 0.00100 0.00100
0.25100 0.42800 0.32000 0.00100
0.00100 0.73000 0.00200 0.26700
0.92200 0.07200 0.00100 0.00500
0.89800 0.00100 0.10000 0.00100
0.00100 0.00100 0.18500 0.81300
0.00100 0.00300 0.06500 0.93100
0.01900 0.77000 0.02600 0.18500
0.17200 0.73800 0.08900 0.00100
0.15600 0.05000 0.57300 0.22100
0.11400 0.10900 0.60200 0.17500

>CREB3L3 CREB3L3motif2
0.30600 0.24300 0.22200 0.22900
0.97900 0.00300 0.00200 0.01600
0.99500 0.00200 0.00200 0.00100
0.97800 0.00200 0.01800 0.00200
0.95900 0.00200 0.03700 0.00200
0.98400 0.01200 0.00200 0.00200
0.00200 0.65200 0.17000 0.17600
0.00100 0.00200 0.00200 0.99500
0.00200 0.00200 0.00700 0.98900
0.00200 0.00100 0.12100 0.87600
0.25200 0.00100 0.18700 0.56000
0.32000 0.00200 0.53500 0.14300
0.22700 0.00200 0.53500 0.23600
0.33400 0.16000 0.00200 0.50400
0.88100 0.11500 0.00200 0.00200
0.98000 0.01600 0.00200 0.00200
0.15800 0.53100 0.00200 0.30900
0.00200 0.59100 0.13300 0.27400

>CREB3L3 CREB3L3motif3
0.00800 0.11000 0.19000 0.69200
0.00100 0.22400 0.14000 0.63500
0.00500 0.14700 0.20200 0.64600
0.00100 0.19800 0.75600 0.04500
0.13200 0.20500 0.66200 0.00100
0.91700 0.04900 0.03300 0.00100
0.00400 0.00600 0.00100 0.98900
0.28600 0.00200 0.18700 0.52500
0.99700 0.00100 0.00100 0.00100
0.00500 0.98900 0.00400 0.00200
0.00100 0.12900 0.85900 0.01100
0.00100 0.00100 0.12800 0.87000
0.80300 0.19000 0.00100 0.00600
0.83400 0.06900 0.00100 0.09600
0.00100 0.00100 0.00100 0.99700
0.00100 0.30300 0.69500 0.00100
0.00300 0.00300 0.99300 0.00100
0.73700 0.02000 0.24200 0.00100
0.86100 0.04600 0.09200 0.00100
0.76700 0.12300 0.10900 0.00100

>FIZ1 FIZ1motif0
0.40000 0.11429 0.34285 0.14286
0.00000 0.11429 0.48571 0.40000
0.17143 0.37143 0.37143 0.08571
0.40000 0.08571 0.51429 0.00000
0.00000 0.00000 0.00000 1.00000
0.00000 0.00000 0.82857 0.17143
0.00000 1.00000 0.00000 0.00000
0.00000 0.05714 0.94286 0.00000
0.34286 0.45714 0.20000 0.00000
0.82857 0.14286 0.00000 0.02857

>FIZ1 FIZ1motif1
0.58200 0.25600 0.14500 0.01700
0.30200 0.25000 0.16900 0.27900
0.07600 0.27900 0.19200 0.45300
0.04100 0.41300 0.47000 0.07600
0.42400 0.00600 0.52300 0.04700
0.11600 0.85500 0.02300 0.00600
0.83100 0.12200 0.04100 0.00600
0.04600 0.94200 0.00600 0.00600
0.62800 0.27900 0.08700 0.00600
0.11600 0.58700 0.28500 0.01200

>FIZ1 FIZ1motif2
0.25400 0.18500 0.23600 0.32500
0.27400 0.33100 0.36900 0.02600
0.66200 0.21700 0.02500 0.09600
0.06400 0.80900 0.11400 0.01300
0.65600 0.00600 0.29300 0.04500
0.00600 0.95500 0.03200 0.00700
0.91700 0.05700 0.02000 0.00600
0.01300 0.97500 0.00600 0.00600
0.32500 0.24800 0.33800 0.08900
0.27400 0.33800 0.21000 0.17800

>FIZ1 FIZ1motif3
0.18100 0.32200 0.12500 0.37200
0.29000 0.11600 0.35000 0.24400
0.30900 0.05000 0.40000 0.24100
0.64400 0.06600 0.15000 0.14000
0.38800 0.35200 0.01300 0.24700
0.04400 0.05300 0.31200 0.59100
0.00600 0.55300 0.42800 0.01300
0.30900 0.06900 0.61600 0.00600
0.60300 0.00600 0.38500 0.00600
0.94100 0.00600 0.03700 0.01600
0.16300 0.00900 0.06900 0.75900

>ZNF500 ZNF500motif0
0.24200 0.27300 0.30300 0.18200
0.07600 0.24200 0.37900 0.30300
0.12100 0.16700 0.43900 0.27300
0.07600 0.01500 0.71200 0.19700
0.03000 0.06100 0.63600 0.27300
0.15200 0.09100 0.62100 0.13600
0.16700 0.12100 0.31800 0.39400
0.53000 0.19700 0.12100 0.15200
0.43900 0.01500 0.53100 0.01500
0.01500 0.01500 0.51500 0.45500
0.13700 0.03000 0.71200 0.12100
0.09100 0.03000 0.16700 0.71200
0.80300 0.03000 0.15200 0.01500
0.01600 0.01500 0.92400 0.04500
0.37900 0.31800 0.27300 0.03000
0.04500 0.78800 0.12200 0.04500
0.36400 0.22700 0.30300 0.10600

>ZNF500 ZNF500motif1
0.09100 0.38800 0.27300 0.24800
0.24000 0.11500 0.28100 0.36400
0.00800 0.47100 0.30600 0.21500
0.24800 0.00800 0.00800 0.73600
0.81800 0.00800 0.16600 0.00800
0.00800 0.81000 0.00800 0.17400
0.00800 0.07400 0.90900 0.00900
0.00900 0.00800 0.97500 0.00800
0.40500 0.30600 0.28100 0.00800
0.00800 0.77700 0.00800 0.20700
0.97500 0.00800 0.00800 0.00900

>ZNF500 ZNF500motif2
0.10000 0.12900 0.14200 0.62900
0.02900 0.11400 0.77100 0.08600
0.64300 0.11500 0.17100 0.07100
0.01400 0.18600 0.14300 0.65700
0.11400 0.30000 0.48600 0.10000
0.75700 0.12800 0.08600 0.02900
0.62900 0.25700 0.04300 0.07100
0.05700 0.05700 0.01500 0.87100
0.01400 0.60000 0.34300 0.04300
0.21400 0.02900 0.74300 0.01400
0.07100 0.62900 0.22900 0.07100
0.18600 0.50000 0.30000 0.01400
0.60000 0.02900 0.35700 0.01400
0.08600 0.70000 0.05700 0.15700
0.08600 0.27100 0.61400 0.02900
0.04300 0.08600 0.77100 0.10000
0.15700 0.15700 0.60000 0.08600
0.07100 0.44300 0.08600 0.40000

>ZNF500 ZNF500motif3
0.00800 0.00800 0.97600 0.00800
0.00800 0.75100 0.23300 0.00800
0.00800 0.52700 0.00800 0.45700
0.00700 0.00800 0.00800 0.97700
0.00800 0.00800 0.00800 0.97600
0.60500 0.34900 0.03100 0.01500
0.32600 0.25500 0.32600 0.09300
0.34100 0.34900 0.13200 0.17800
0.14000 0.00800 0.45000 0.40200
0.24000 0.07800 0.47300 0.20900
0.24800 0.14000 0.33300 0.27900

>ZNF780B ZNF780Bmotif0
0.20833 0.10417 0.20833 0.47917
0.10417 0.16667 0.58333 0.14583
0.00000 0.10417 0.89583 0.00000
0.00000 0.89583 0.10417 0.00000
0.79167 0.00000 0.00000 0.20833
0.00000 0.00000 1.00000 0.00000
0.00000 0.20833 0.79167 0.00000
0.00000 0.89583 0.10417 0.00000
0.10417 0.00000 0.81250 0.08333
0.10417 0.00000 0.89583 0.00000
0.00000 0.00000 0.00000 1.00000
0.00000 0.00000 0.00000 1.00000
0.00000 0.00000 0.00000 1.00000
0.10417 0.89583 0.00000 0.00000
0.89583 0.00000 0.00000 0.10417
0.00000 0.00000 1.00000 0.00000
0.00000 0.89583 0.00000 0.10417
0.87500 0.04167 0.08333 0.00000
0.18749 0.04167 0.66667 0.10417

>ZNF780B ZNF780Bmotif1
0.33300 0.12500 0.12500 0.41700
0.29200 0.12500 0.33300 0.25000
0.37500 0.20800 0.25000 0.16700
0.33300 0.41700 0.16700 0.08300
0.04200 0.33300 0.54200 0.08300
0.04200 0.25000 0.33300 0.37500
0.37500 0.04200 0.29100 0.29200
0.12500 0.45800 0.37500 0.04200
0.04200 0.33300 0.58300 0.04200
0.29200 0.54200 0.12400 0.04200
0.66700 0.12400 0.16700 0.04200
0.12500 0.25000 0.29200 0.33300
0.29200 0.20800 0.16700 0.33300
0.16700 0.25000 0.37500 0.20800
0.16700 0.41700 0.20800 0.20800
0.33400 0.12500 0.45800 0.08300
0.08300 0.08400 0.70800 0.12500
0.70800 0.04200 0.12500 0.12500
0.37500 0.45800 0.12500 0.04200
0.45800 0.04200 0.41700 0.08300
0.04200 0.87400 0.04200 0.04200
0.58300 0.16700 0.04200 0.20800
0.04200 0.12500 0.33300 0.50000
0.04200 0.04100 0.87500 0.04200
0.70800 0.04200 0.12500 0.12500
0.16700 0.16700 0.45800 0.20800
0.12500 0.29200 0.16700 0.41600
0.41700 0.29100 0.12500 0.16700

>ZNF780B ZNF780Bmotif2
0.21300 0.25500 0.06400 0.46800
0.02100 0.65900 0.04300 0.27700
0.17000 0.19100 0.12800 0.51100
0.14800 0.12800 0.06400 0.66000
0.12800 0.08500 0.12700 0.66000
0.70200 0.08500 0.12800 0.08500
0.06400 0.17000 0.66000 0.10600
0.04300 0.68100 0.10600 0.17000
0.04300 0.08500 0.02100 0.85100
0.53200 0.08500 0.25500 0.12800
0.08500 0.72300 0.08600 0.10600
0.06400 0.06300 0.12800 0.74500
0.10700 0.08500 0.72300 0.08500
0.72300 0.10600 0.06500 0.10600
0.70200 0.08600 0.10600 0.10600
0.57400 0.06400 0.31900 0.04300
0.14900 0.06400 0.74500 0.04200
0.40400 0.08500 0.44700 0.06400
0.51100 0.12800 0.19100 0.17000
0.27700 0.23400 0.23400 0.25500
0.19100 0.25500 0.42600 0.12800

>ZNF780B ZNF780Bmotif3
0.32000 0.24500 0.20400 0.23100
0.32000 0.14200 0.28600 0.25200
0.27200 0.05500 0.57800 0.09500
0.72200 0.03400 0.19000 0.05400
0.36100 0.01300 0.37400 0.25200
0.13600 0.04800 0.56400 0.25200
0.29300 0.00700 0.53000 0.17000
0.03400 0.09500 0.62600 0.24500
0.04700 0.00700 0.77600 0.17000
0.06100 0.04800 0.65300 0.23800
0.04100 0.25200 0.22400 0.48300
0.38100 0.07500 0.45600 0.08800
0.01400 0.03400 0.88400 0.06800
0.09500 0.01400 0.69400 0.19700
0.21700 0.27900 0.25200 0.25200

>ZNF831 ZNF831motif0
0.00000 0.00000 1.00000 0.00000
0.05263 0.02632 0.86842 0.05263
0.15789 0.05263 0.76316 0.02632
0.39474 0.00000 0.42105 0.18421
0.00000 0.50000 0.18421 0.31579
0.02632 0.84210 0.00000 0.13158
0.00000 0.92105 0.00000 0.07895
0.05263 0.94737 0.00000 0.00000
0.05263 0.13158 0.63158 0.18421
0.15790 0.13158 0.44737 0.26315

>ZNF831 ZNF831motif1
0.05000 0.15000 0.60000 0.20000
0.20000 0.05000 0.05000 0.70000
0.05000 0.05000 0.05000 0.85000
0.05000 0.85000 0.05000 0.05000
0.05000 0.05000 0.05000 0.85000
0.05000 0.85000 0.05000 0.05000
0.20000 0.05000 0.05000 0.70000
0.55000 0.05000 0.05000 0.35000
0.40000 0.05000 0.20000 0.35000
0.05000 0.85000 0.05000 0.05000

>ZNF831 ZNF831motif2
0.04500 0.15700 0.45000 0.34800
0.57300 0.14600 0.15700 0.12400
0.04500 0.74200 0.03300 0.18000
0.18000 0.18000 0.31400 0.32600
0.21300 0.24700 0.18000 0.36000
0.16900 0.59600 0.21300 0.02200
0.07900 0.04500 0.05600 0.82000
0.01100 0.86500 0.03400 0.09000
0.48300 0.12400 0.30300 0.09000
0.01200 0.68500 0.29200 0.01100

>ZNF831 ZNF831motif3
0.00000 0.00000 0.11660 0.88340
0.09910 0.00000 0.07730 0.82360
0.00700 0.00000 0.92790 0.06510
0.57290 0.00000 0.21700 0.21010
0.09580 0.00000 0.53480 0.36940
0.46160 0.00000 0.13620 0.40220
0.00010 0.01800 0.71940 0.26250
0.04240 0.00000 0.73460 0.22300
0.36730 0.00000 0.52960 0.10310
0.66310 0.17300 0.16390 0.00000
0.33520 0.45070 0.00010 0.21400

>ZNF286B ZNF286Bmotif0
0.08600 0.37100 0.25700 0.28600
0.30000 0.22100 0.28600 0.19300
0.04300 0.34300 0.33500 0.27900
0.02900 0.35700 0.45700 0.15700
0.13600 0.22100 0.35700 0.28600
0.19300 0.29300 0.22900 0.28500
0.10700 0.38600 0.24300 0.26400
0.16400 0.20000 0.17900 0.45700
0.21400 0.04300 0.70000 0.04300
0.74300 0.05000 0.12800 0.07900
0.12100 0.45700 0.29300 0.12900
0.04300 0.00700 0.91400 0.03600
0.02100 0.02200 0.93600 0.02100
0.02100 0.04400 0.81400 0.12100
0.54300 0.07800 0.25000 0.12900
0.40700 0.21400 0.32900 0.05000
0.35700 0.07100 0.42900 0.14300
0.64300 0.17100 0.12900 0.05700
0.11400 0.09300 0.30000 0.49300
0.07100 0.59300 0.27900 0.05700
0.23500 0.58600 0.14300 0.03600
0.07100 0.67900 0.22900 0.02100
0.13600 0.59300 0.02100 0.25000
0.57900 0.32100 0.06400 0.03600
0.08600 0.72100 0.09300 0.10000
0.25700 0.21400 0.46500 0.06400
0.14300 0.18600 0.49300 0.17800
0.27900 0.30000 0.25700 0.16400

>ZNF286B ZNF286Bmotif1
0.66700 0.12700 0.09500 0.11100
0.09500 0.01600 0.87300 0.01600
0.03200 0.04800 0.50700 0.41300
0.76200 0.04800 0.06300 0.12700
0.30200 0.15800 0.52400 0.01600
0.14300 0.66700 0.09500 0.09500
0.01600 0.93600 0.03200 0.01600
0.44400 0.01600 0.01600 0.52400
0.01500 0.93700 0.03200 0.01600
0.23900 0.09500 0.31700 0.34900

>ZNF286B ZNF286Bmotif2
0.05300 0.31600 0.15800 0.47300
0.05300 0.21100 0.52600 0.21000
0.68400 0.21000 0.05300 0.05300
0.10500 0.52600 0.05300 0.31600
0.10500 0.31600 0.31600 0.26300
0.05200 0.15800 0.57900 0.21100
0.57900 0.21100 0.15700 0.05300
0.15800 0.26300 0.26300 0.31600
0.52600 0.10500 0.31600 0.05300
0.21000 0.10500 0.63200 0.05300
0.47400 0.31600 0.10500 0.10500
0.05300 0.26300 0.57900 0.10500
0.42100 0.42100 0.05300 0.10500
0.15800 0.15800 0.31600 0.36800
0.31600 0.21100 0.36800 0.10500
0.05300 0.05300 0.05200 0.84200
0.84200 0.05300 0.05300 0.05200
0.05300 0.84100 0.05300 0.05300

>ZNF286B ZNF286Bmotif3
0.26000 0.01900 0.53900 0.18200
0.42900 0.06500 0.40300 0.10300
0.09100 0.38300 0.27900 0.24700
0.07100 0.01900 0.74000 0.17000
0.00600 0.01300 0.75400 0.22700
0.00700 0.00600 0.92900 0.05800
0.16200 0.04000 0.67500 0.12300
0.03200 0.04500 0.66200 0.26100
0.13600 0.05200 0.65600 0.15600
0.11100 0.54500 0.26000 0.08400
0.20100 0.16900 0.16200 0.46800
0.07100 0.70800 0.12400 0.09700
0.63700 0.19500 0.08400 0.08400
0.05800 0.27300 0.43500 0.23400
0.00600 0.00700 0.00600 0.98100
0.80000 0.18800 0.00600 0.00600

>ZBTB47 ZBTB47motif0
0.00000 0.59091 0.18182 0.22727
0.18182 0.00000 0.81818 0.00000
0.00000 0.22727 0.59091 0.18182
0.22727 0.59091 0.18182 0.00000
1.00000 0.00000 0.00000 0.00000
0.00000 0.22727 0.00000 0.77273
0.00000 0.72727 0.27273 0.00000
0.00000 0.40909 0.54545 0.04546
0.40909 0.18182 0.18182 0.22727
0.27273 0.00000 0.72727 0.00000
0.22727 0.04546 0.00000 0.72727
0.00000 0.22727 0.77273 0.00000
0.00000 0.00000 1.00000 0.00000
0.00000 0.40909 0.59091 0.00000
0.18182 0.00000 0.22727 0.59091
0.00000 0.00000 0.18182 0.81818
0.40909 0.00000 0.36364 0.22727
0.63636 0.18182 0.00000 0.18182
0.59091 0.40909 0.00000 0.00000

>ZBTB47 ZBTB47motif1
0.25700 0.25900 0.24300 0.24100
0.10200 0.10700 0.00300 0.78800
0.06700 0.00500 0.00100 0.92700
0.00200 0.18700 0.00100 0.81000
0.15700 0.75500 0.02700 0.06100
0.69800 0.00700 0.07800 0.21700
0.56600 0.07300 0.35600 0.00500
0.22700 0.00100 0.77100 0.00100
0.99300 0.00100 0.00500 0.00100
0.99400 0.00100 0.00200 0.00300
0.45000 0.42800 0.01600 0.10600
0.91300 0.00700 0.00100 0.07900
0.14700 0.28500 0.31700 0.25100
0.33300 0.31100 0.27900 0.07700
0.25800 0.23800 0.25300 0.25100

>ZBTB47 ZBTB47motif2
0.13000 0.46700 0.30400 0.09900
0.30400 0.54400 0.10900 0.04300
0.58700 0.28300 0.05400 0.07600
0.01100 0.93500 0.03200 0.02200
0.88000 0.09800 0.01100 0.01100
0.02200 0.89100 0.01100 0.07600
0.25000 0.36900 0.01100 0.37000
0.41300 0.54300 0.02200 0.02200
0.13000 0.60900 0.25000 0.01100
0.03300 0.57600 0.38000 0.01100

>ZBTB47 ZBTB47motif3
0.15600 0.33100 0.26300 0.25000
0.06400 0.52500 0.31700 0.09400
0.03900 0.51500 0.44500 0.00100
0.05300 0.12800 0.81800 0.00100
0.53700 0.01700 0.44500 0.00100
0.00000 0.00300 0.99600 0.00100
0.00100 0.00100 0.99800 0.00000
0.00100 0.00100 0.85800 0.14000
0.00100 0.00100 0.81000 0.18800
0.00100 0.77200 0.22600 0.00100
0.08300 0.70900 0.20700 0.00100
0.00000 0.24700 0.75200 0.00100
0.00100 0.00200 0.86000 0.13700
0.00100 0.00100 0.59000 0.40800
0.00100 0.03000 0.76000 0.20900
0.00000 0.32200 0.36600 0.31200
0.00100 0.09000 0.42500 0.48400

>ZNF721 ZNF721motif0
0.24100 0.06900 0.46600 0.22400
0.81000 0.01700 0.08600 0.08700
0.12100 0.01700 0.03400 0.82800
0.41400 0.10300 0.37900 0.10400
0.19000 0.05200 0.60300 0.15500
0.12100 0.05200 0.72400 0.10300
0.01700 0.05200 0.56900 0.36200
0.01800 0.10300 0.81000 0.06900
0.06900 0.65500 0.22400 0.05200
0.19000 0.06900 0.67200 0.06900
0.60400 0.08600 0.22400 0.08600
0.06900 0.70700 0.15500 0.06900
0.01700 0.50000 0.39700 0.08600
0.01700 0.15500 0.79300 0.03500
0.03400 0.63900 0.08600 0.24100
0.05200 0.34500 0.37900 0.22400
0.06900 0.29300 0.51700 0.12100
0.01700 0.01700 0.01800 0.94800

>ZNF721 ZNF721motif1
0.11400 0.08600 0.60000 0.20000
0.22900 0.05700 0.51400 0.20000
0.37100 0.48600 0.11400 0.02900
0.45700 0.25700 0.25700 0.02900
0.17100 0.77100 0.02900 0.02900
0.65800 0.11400 0.11400 0.11400
0.02900 0.11400 0.80000 0.05700
0.02900 0.17100 0.74300 0.05700
0.14200 0.54300 0.28600 0.02900
0.02900 0.42900 0.22800 0.31400
0.40000 0.17100 0.25800 0.17100
0.60000 0.28600 0.08500 0.02900
0.02900 0.91400 0.02800 0.02900
0.02900 0.82900 0.11300 0.02900
0.08600 0.57100 0.11400 0.22900
0.02900 0.74300 0.05700 0.17100
0.20000 0.51400 0.20000 0.08600
0.37100 0.28600 0.11400 0.22900
0.28600 0.31400 0.08600 0.31400

>ZNF721 ZNF721motif2
0.01800 0.31500 0.64900 0.01800
0.33400 0.25200 0.11700 0.29700
0.14400 0.27000 0.02700 0.55900
0.64000 0.17100 0.02700 0.16200
0.05400 0.79300 0.14400 0.00900
0.21600 0.21600 0.54100 0.02700
0.01800 0.96400 0.00900 0.00900
0.01800 0.93700 0.00900 0.03600
0.03600 0.73000 0.10800 0.12600
0.03600 0.76600 0.14400 0.05400
0.03600 0.19800 0.01800 0.74800
0.09900 0.32400 0.00900 0.56800
0.08200 0.39600 0.33300 0.18900
0.20700 0.28800 0.08200 0.42300
0.28800 0.17200 0.14400 0.39600
0.27900 0.31500 0.16200 0.24400

>ZNF721 ZNF721motif3
0.26500 0.11800 0.38200 0.23500
0.50000 0.20600 0.14700 0.14700
0.08800 0.14700 0.29400 0.47100
0.41200 0.05900 0.14700 0.38200
0.76600 0.02900 0.02900 0.17600
0.88200 0.02900 0.02900 0.06000
0.03000 0.91200 0.02900 0.02900
0.17600 0.03000 0.70600 0.08800
0.02900 0.79400 0.11800 0.05900
0.20600 0.67600 0.02900 0.08900
0.14700 0.14700 0.64700 0.05900

>SP140L SP140Lmotif0
0.12600 0.27100 0.36600 0.23700
0.20600 0.30200 0.27700 0.21500
0.20200 0.27500 0.32500 0.19800
0.29900 0.21400 0.29800 0.18900
0.55800 0.00200 0.00300 0.43700
0.26100 0.00000 0.00300 0.73600
0.31600 0.00200 0.00600 0.67600
0.11200 0.69400 0.00600 0.18800
0.88300 0.08800 0.02300 0.00600
0.13300 0.69000 0.13300 0.04400
0.00100 0.98800 0.01000 0.00100
0.00100 0.99700 0.00100 0.00100
0.99700 0.00100 0.00100 0.00100
0.10200 0.20300 0.04300 0.65200
0.05800 0.77800 0.15400 0.01000
0.04300 0.09600 0.70900 0.15200
0.20600 0.67900 0.05800 0.05700
0.88800 0.09800 0.00500 0.00900
0.53000 0.05900 0.00300 0.40800
0.79100 0.09500 0.05500 0.05900

>SP140L SP140Lmotif1
0.24300 0.30600 0.03000 0.42100
0.32200 0.00500 0.41300 0.26000
0.16300 0.00300 0.00300 0.83100
0.11200 0.15800 0.00300 0.72700
0.02500 0.00300 0.00300 0.96900
0.39100 0.00300 0.24300 0.36300
0.61700 0.24300 0.13500 0.00500
0.98900 0.00500 0.00300 0.00300
0.92600 0.00800 0.00300 0.06300
0.01400 0.03000 0.00300 0.95300
0.00300 0.00200 0.99200 0.00300
0.00300 0.97500 0.01900 0.00300
0.00200 0.01100 0.98400 0.00300
0.01100 0.63400 0.19100 0.16400
0.07700 0.12800 0.52700 0.26800
0.35000 0.23200 0.18000 0.23800
0.38000 0.24000 0.18600 0.19400
0.30300 0.23500 0.26000 0.20200

>SP140L SP140Lmotif2
0.07000 0.21300 0.52800 0.18900
0.29900 0.28000 0.03100 0.39000
0.90500 0.01200 0.00400 0.07900
0.81500 0.00400 0.00400 0.17700
0.37400 0.00400 0.01200 0.61000
0.89400 0.00400 0.00800 0.09400
0.21300 0.17700 0.32700 0.28300
0.22500 0.15700 0.41700 0.20100
0.38600 0.17700 0.24400 0.19300
0.31500 0.12600 0.20900 0.35000
0.19700 0.17000 0.03100 0.60200
0.69700 0.02800 0.01200 0.26300
0.43700 0.48000 0.03900 0.04400
0.76400 0.03900 0.18900 0.00800
0.65400 0.22000 0.07100 0.05500
0.41800 0.16100 0.32300 0.09800

>SP140L SP140Lmotif3
0.40600 0.34900 0.23600 0.00900
0.01000 0.00900 0.00900 0.97200
0.00900 0.51900 0.46200 0.01000
0.00900 0.00900 0.97200 0.01000
0.72600 0.01000 0.06600 0.19800
0.34900 0.13200 0.11300 0.40600
0.00900 0.83000 0.05700 0.10400
0.01900 0.01900 0.90600 0.05600
0.43400 0.00900 0.10400 0.45300
0.00900 0.00900 0.01000 0.97200
0.06600 0.00900 0.56700 0.35800
0.73600 0.00900 0.00900 0.24600
0.00900 0.39600 0.01000 0.58500
0.00900 0.02800 0.58600 0.37700

>USF3 USF3motif0
0.12500 0.20000 0.45000 0.22500
0.17500 0.10000 0.52500 0.20000
0.32500 0.15000 0.47500 0.05000
0.05000 0.85000 0.07500 0.02500
0.02500 0.92500 0.02500 0.02500
0.57500 0.37500 0.02500 0.02500
0.02500 0.90000 0.05000 0.02500
0.02500 0.07500 0.87500 0.02500
0.02500 0.02500 0.02500 0.92500
0.02500 0.02500 0.92500 0.02500
0.07500 0.07500 0.82500 0.02500
0.02500 0.75000 0.15000 0.07500
0.02500 0.50000 0.02500 0.45000
0.02500 0.45000 0.05000 0.47500

>USF3 USF3motif1
0.16700 0.50000 0.16700 0.16600
0.16700 0.16700 0.33300 0.33300
0.16700 0.16700 0.33300 0.33300
0.16700 0.33300 0.33300 0.16700
0.16700 0.50000 0.16700 0.16600
0.16700 0.50000 0.16600 0.16700
0.16700 0.49900 0.16700 0.16700
0.16700 0.50000 0.16700 0.16600
0.50000 0.16700 0.16700 0.16600
0.16700 0.33300 0.16700 0.33300
0.16700 0.33300 0.33300 0.16700
0.33300 0.16700 0.33300 0.16700
0.16700 0.33300 0.33300 0.16700
0.33300 0.16700 0.33300 0.16700
0.16600 0.50000 0.16700 0.16700
0.16700 0.33300 0.33300 0.16700
0.16700 0.16600 0.16700 0.50000
0.33300 0.16700 0.16700 0.33300
0.16600 0.16700 0.16700 0.50000
0.16700 0.33300 0.16700 0.33300

>USF3 USF3motif2
0.01800 0.62400 0.03700 0.32100
0.00900 0.04600 0.20200 0.74300
0.01800 0.67000 0.28400 0.02800
0.00900 0.05500 0.22000 0.71600
0.00900 0.61500 0.32100 0.05500
0.01800 0.01000 0.91700 0.05500
0.00900 0.01800 0.96400 0.00900
0.00900 0.00900 0.77100 0.21100
0.05500 0.07300 0.73400 0.13800
0.00900 0.81700 0.15600 0.01800
0.01800 0.90000 0.06400 0.01800
0.00900 0.96400 0.01800 0.00900
0.00900 0.97200 0.01000 0.00900
0.07300 0.90900 0.00900 0.00900
0.00900 0.56000 0.42200 0.00900
0.01000 0.00900 0.97200 0.00900
0.01000 0.00900 0.06400 0.91700
0.01000 0.00900 0.97200 0.00900
0.01800 0.00900 0.96400 0.00900
0.00900 0.05500 0.66100 0.27500
0.01800 0.34900 0.55000 0.08300
0.01800 0.41300 0.32100 0.24800
0.08300 0.50500 0.34900 0.06300
0.19300 0.48600 0.15600 0.16500

>USF3 USF3motif3
0.30000 0.20000 0.10000 0.40000
0.20000 0.50000 0.10000 0.20000
0.10000 0.70000 0.10000 0.10000
0.10000 0.50000 0.10000 0.30000
0.10000 0.70000 0.10000 0.10000
0.10000 0.60000 0.10000 0.20000
0.40000 0.30000 0.10000 0.20000
0.10000 0.70000 0.10000 0.10000
0.10000 0.10000 0.60000 0.20000
0.10000 0.10000 0.60000 0.20000
0.10000 0.10000 0.70000 0.10000
0.10000 0.10000 0.70000 0.10000
0.10000 0.10000 0.70000 0.10000
0.10000 0.60000 0.20000 0.10000
0.20000 0.40000 0.10000 0.30000
0.30000 0.40000 0.10000 0.20000
0.20000 0.50000 0.20000 0.10000
0.50000 0.30000 0.10000 0.10000

>ZBED2 ZBED2motif0
1.00000 0.00000 0.00000 0.00000
0.33333 0.66667 0.00000 0.00000
0.00000 1.00000 0.00000 0.00000
0.00000 1.00000 0.00000 0.00000
0.00000 0.00000 0.00000 1.00000
1.00000 0.00000 0.00000 0.00000
1.00000 0.00000 0.00000 0.00000
0.00000 1.00000 0.00000 0.00000
0.00000 1.00000 0.00000 0.00000
0.00000 1.00000 0.00000 0.00000

>ZBED2 ZBED2motif1
0.00000 0.72760 0.00000 0.27240
0.00100 0.00000 0.89000 0.10900
0.00000 0.10350 0.73630 0.16020
0.00010 0.11460 0.15450 0.73080
0.00000 0.03670 0.00100 0.96230
0.00000 0.25180 0.00000 0.74820
0.00000 0.80110 0.00000 0.19890
0.01050 0.98950 0.00000 0.00000
0.03010 0.00100 0.96890 0.00000
0.99900 0.00000 0.00100 0.00000
0.99900 0.00000 0.00100 0.00000
0.95380 0.04620 0.00000 0.00000
0.00100 0.99900 0.00000 0.00000
0.00010 0.07530 0.01050 0.91410
0.00770 0.13840 0.85380 0.00010
0.00350 0.13040 0.86610 0.00000
0.00300 0.98240 0.01460 0.00000
0.93830 0.03210 0.02960 0.00000
0.03570 0.72710 0.23720 0.00000
0.18850 0.49340 0.31800 0.00010
0.19290 0.47530 0.33180 0.00000
0.08480 0.68840 0.22680 0.00000
0.00010 0.85490 0.03460 0.11040
0.00010 0.75940 0.23100 0.00950
0.00000 0.95030 0.03920 0.01050
0.00000 0.76460 0.21980 0.01560
0.00000 0.01840 0.08140 0.90020
0.00000 0.01370 0.02120 0.96510
0.12370 0.00000 0.01090 0.86540

>ZBED2 ZBED2motif2
0.03300 0.80500 0.06400 0.09800
0.06600 0.20300 0.08100 0.65000
0.06500 0.05700 0.74000 0.13800
0.04900 0.83700 0.08100 0.03300
0.05700 0.55300 0.02400 0.36600
0.25200 0.28400 0.09800 0.36600
0.08100 0.03300 0.87800 0.00800
0.04900 0.72400 0.00800 0.21900
0.00800 0.72400 0.07300 0.19500
0.08900 0.02400 0.25200 0.63500
0.01600 0.39800 0.36600 0.22000
0.17100 0.02400 0.37400 0.43100
0.00900 0.02400 0.70700 0.26000
0.01600 0.62700 0.14600 0.21100
0.06600 0.90200 0.00800 0.02400
0.46400 0.34100 0.13000 0.06500
0.22000 0.17100 0.01600 0.59300
0.38200 0.27600 0.17100 0.17100
0.36600 0.22000 0.17900 0.23500
0.26800 0.19500 0.16300 0.37400
0.35800 0.21100 0.25200 0.17900

>ZBED2 ZBED2motif3
0.00000 0.59440 0.00000 0.40560
0.00000 0.82290 0.00000 0.17710
0.55950 0.00000 0.00000 0.44050
0.10480 0.00000 0.89520 0.00000
0.14040 0.00000 0.81250 0.04710
0.33390 0.47750 0.00000 0.18860
0.55130 0.26930 0.17940 0.00000
0.13480 0.41590 0.44930 0.00000
0.00000 0.23680 0.68440 0.07880
0.00000 0.07870 0.00000 0.92130
0.00000 0.03860 0.61000 0.35140
0.26900 0.00000 0.00000 0.73100
0.69590 0.29640 0.00770 0.00000
0.38930 0.51790 0.09280 0.00000
0.55320 0.36210 0.00000 0.08470
0.07210 0.43110 0.00000 0.49680
0.00000 0.39190 0.07870 0.52940
0.00000 0.15640 0.00000 0.84360
0.00000 0.04930 0.12010 0.83060
0.10800 0.30750 0.00000 0.58450
0.00000 0.54700 0.18800 0.26500

>MYF6 MYF6motif0
0.18800 0.24600 0.26200 0.30400
0.10200 0.42000 0.14500 0.33300
0.24700 0.62300 0.11600 0.01400
0.95700 0.01400 0.01500 0.01400
0.01400 0.95700 0.01500 0.01400
0.95800 0.01400 0.01400 0.01400
0.01400 0.01400 0.95800 0.01400
0.01400 0.95700 0.01400 0.01500
0.01400 0.01500 0.01400 0.95700
0.01400 0.01500 0.95700 0.01400
0.01400 0.01500 0.01400 0.95700
0.01400 0.01400 0.34900 0.62300
0.37700 0.30400 0.02900 0.29000
0.43500 0.46400 0.01400 0.08700

>MYF6 MYF6motif1
0.05900 0.02000 0.78400 0.13700
0.17600 0.02000 0.68600 0.11800
0.07800 0.02000 0.88200 0.02000
0.05900 0.41200 0.43100 0.09800
0.19600 0.66600 0.11800 0.02000
0.41200 0.09800 0.47100 0.01900
0.02000 0.94100 0.01900 0.02000
0.94100 0.02000 0.01900 0.02000
0.02000 0.94100 0.02000 0.01900
0.03800 0.02000 0.92200 0.02000
0.02000 0.94000 0.02000 0.02000
0.21600 0.05900 0.02000 0.70500
0.02000 0.09800 0.68600 0.19600
0.29400 0.41200 0.27500 0.01900
0.07800 0.88200 0.02000 0.02000
0.70600 0.19600 0.05900 0.03900
0.02000 0.92200 0.03800 0.02000
0.58800 0.31400 0.05900 0.03900

>MYF6 MYF6motif2
0.01500 0.01500 0.01500 0.95500
0.01500 0.01500 0.46300 0.50700
0.38800 0.14900 0.25400 0.20900
0.94000 0.01500 0.03000 0.01500
0.95500 0.01500 0.01500 0.01500
0.01500 0.95500 0.01500 0.01500
0.95500 0.01500 0.01500 0.01500
0.01500 0.35800 0.61200 0.01500
0.01500 0.65700 0.31300 0.01500
0.01500 0.01500 0.01500 0.95500
0.01500 0.01500 0.95500 0.01500
0.01500 0.01500 0.01500 0.95500
0.01500 0.03000 0.01500 0.94000
0.01500 0.47800 0.16400 0.34300
0.40300 0.46300 0.04500 0.08900
0.17900 0.29900 0.34300 0.17900

>MYF6 MYF6motif3
0.63460 0.13850 0.00000 0.22690
0.00000 0.39220 0.10780 0.50000
0.18390 0.72420 0.09190 0.00000
0.82650 0.00000 0.17350 0.00000
0.00000 1.00000 0.00000 0.00000
1.00000 0.00000 0.00000 0.00000
0.00000 0.00000 1.00000 0.00000
0.00000 0.82650 0.17350 0.00000
0.00000 0.00000 0.17350 0.82650
0.00000 0.00000 0.82650 0.17350
0.00000 0.00000 0.18390 0.81610
0.00000 0.00000 0.39810 0.60190
0.65570 0.22950 0.00000 0.11480
0.39810 0.57150 0.00000 0.03040

>SALL3 SALL3motif0
0.29300 0.26800 0.34100 0.09800
0.17100 0.19500 0.29300 0.34100
0.12200 0.12200 0.63400 0.12200
0.43800 0.29300 0.17100 0.09800
0.63500 0.07300 0.26800 0.02400
