>CAMTA1 initial_GHTS_CAMTA1
0.18100 0.05400 0.41500 0.35000
0.16900 0.53300 0.23300 0.06500
0.04200 0.54500 0.01000 0.40300
0.00100 0.00100 0.99700 0.00100
0.00100 0.99700 0.00100 0.00100
0.99700 0.00100 0.00100 0.00100
0.28600 0.25600 0.18200 0.27600
0.00100 0.00900 0.00100 0.98900
0.00100 0.00100 0.99700 0.00100
0.00100 0.99700 0.00100 0.00100
0.25700 0.01100 0.68000 0.05200
0.12600 0.21300 0.41800 0.24300

>CAMTA1 refined_GHTS_CAMTA1
0.19000 0.16800 0.42200 0.22000
0.10300 0.62700 0.22000 0.05000
0.04700 0.49700 0.03300 0.42300
0.00100 0.00100 0.99700 0.00100
0.00100 0.99700 0.00100 0.00100
0.99700 0.00100 0.00100 0.00100
0.25100 0.25100 0.24900 0.24900
0.00100 0.01497 0.00100 0.98303
0.00100 0.00100 0.99700 0.00100
0.00100 0.99700 0.00100 0.00100
0.40900 0.03200 0.50700 0.05200
0.05500 0.22500 0.61100 0.10900

>LEUTX initial_GHTS_LEUTX
0.17400 0.02700 0.63000 0.16900
0.07000 0.00300 0.92600 0.00100
0.00100 0.00100 0.99700 0.00100
0.99700 0.00100 0.00100 0.00100
0.00100 0.00100 0.00100 0.99700
0.00100 0.00500 0.00100 0.99300
0.99700 0.00100 0.00100 0.00100
0.67400 0.06800 0.13000 0.12800

>LEUTX refined_GHTS_LEUTX
0.25900 0.06900 0.41000 0.26200
0.22777 0.00500 0.76623 0.00100
0.00100 0.00100 0.99700 0.00100
0.99700 0.00100 0.00100 0.00100
0.00100 0.00100 0.00100 0.99700
0.00100 0.01198 0.00100 0.98602
0.99700 0.00100 0.00100 0.00100
0.40200 0.10700 0.22800 0.26300

>MYF6 initial_GHTS_MYF6
0.00100 0.99700 0.00100 0.00100
0.99700 0.00100 0.00100 0.00100
0.08600 0.21400 0.69900 0.00100
0.00100 0.89500 0.03700 0.06700
0.00100 0.00100 0.00100 0.99700
0.00100 0.00100 0.99700 0.00100
0.00400 0.00100 0.00100 0.99400
0.00100 0.15900 0.00100 0.83900

>MYF6 refined_GHTS_MYF6
0.01900 0.95100 0.01900 0.01100
0.94600 0.00700 0.00900 0.03800
0.07400 0.15500 0.74800 0.02400
0.02100 0.79100 0.11200 0.07700
0.02500 0.00700 0.00600 0.96300
0.01200 0.03100 0.93200 0.02500
0.03300 0.10800 0.04100 0.81800
0.02200 0.22700 0.07800 0.67300

>PRDM13 initial_GHTS_PRDM13
0.27200 0.17500 0.51400 0.03900
0.17500 0.48700 0.21400 0.12400
0.01200 0.96300 0.00100 0.02400
0.99700 0.00100 0.00100 0.00100
0.00100 0.99700 0.00100 0.00100
0.00900 0.98900 0.00100 0.00100
0.41700 0.11900 0.00100 0.46400
0.00100 0.00100 0.98400 0.01400
0.00100 0.49900 0.09900 0.40100
0.11300 0.48100 0.07800 0.32800

>PRDM13 refined_GHTS_PRDM13
0.19800 0.28200 0.41500 0.10500
0.13800 0.51600 0.24100 0.10500
0.02298 0.92008 0.00100 0.05594
0.99700 0.00100 0.00100 0.00100
0.00100 0.99700 0.00100 0.00100
0.00699 0.99101 0.00100 0.00100
0.34166 0.14286 0.00100 0.51548
0.00100 0.00100 0.96307 0.03493
0.00100 0.64136 0.18482 0.17283
0.18700 0.39800 0.13100 0.28400

>SALL3 initial_GHTS_SALL3
0.42100 0.08800 0.13700 0.35400
0.17100 0.11100 0.21500 0.50300
0.67500 0.03800 0.18700 0.10000
0.81900 0.02700 0.12000 0.03400
0.35800 0.00600 0.01600 0.62000
0.04400 0.05500 0.01100 0.89000
0.99300 0.00100 0.00100 0.00500
0.00100 0.00400 0.00100 0.99400
0.07700 0.06100 0.69100 0.17100
0.88400 0.01100 0.05500 0.05000

>SALL3 refined_GHTS_SALL3
0.47700 0.05900 0.09100 0.37300
0.27900 0.07600 0.12100 0.52500
0.57100 0.04700 0.12400 0.25800
0.71400 0.04600 0.10300 0.13700
0.49300 0.00600 0.01400 0.48700
0.16700 0.06500 0.02300 0.74500
0.97500 0.00100 0.00100 0.02400
0.00100 0.00200 0.00100 0.99500
0.19900 0.09700 0.29300 0.41000
0.74100 0.02800 0.06200 0.16900

>USF3 initial_GHTS_USF3
0.11000 0.66300 0.08800 0.13900
0.00200 0.99600 0.00100 0.00100
0.99100 0.00200 0.00400 0.00300
0.00200 0.99600 0.00100 0.00100
0.00300 0.00300 0.99200 0.00200
0.00400 0.00100 0.00100 0.99400
0.00100 0.00100 0.99600 0.00200
0.11800 0.06700 0.71400 0.10100
0.05200 0.32300 0.27400 0.35100
0.14200 0.38500 0.21800 0.25400

>USF3 refined_GHTS_USF3
0.11000 0.65300 0.09000 0.14700
0.00100 0.99700 0.00100 0.00100
0.99700 0.00100 0.00100 0.00100
0.00100 0.99700 0.00100 0.00100
0.00100 0.00100 0.99700 0.00100
0.00100 0.00100 0.00100 0.99700
0.00100 0.00100 0.99700 0.00100
0.14800 0.08500 0.65400 0.11300
0.05600 0.31200 0.39700 0.23500
0.14000 0.41500 0.22600 0.21900

>ZBED2 initial_GHTS_ZBED2
0.53300 0.03900 0.38700 0.04100
0.00100 0.23400 0.72600 0.03900
0.15900 0.01700 0.43100 0.39300
0.03800 0.00100 0.00100 0.96000
0.00100 0.00100 0.00100 0.99700
0.00100 0.99700 0.00100 0.00100
0.00100 0.00100 0.99700 0.00100
0.31400 0.13400 0.30800 0.24300

>ZBED2 refined_GHTS_ZBED2
0.31100 0.13200 0.46700 0.09100
0.00100 0.25175 0.66034 0.08691
0.17200 0.11800 0.32300 0.38700
0.09281 0.00100 0.00100 0.90519
0.00100 0.00100 0.00100 0.99700
0.00100 0.99700 0.00100 0.00100
0.00100 0.00100 0.99700 0.00100
0.20600 0.22400 0.36800 0.20100

>ZBED5 initial_GHTS_ZBED5
0.11800 0.41600 0.13300 0.33300
0.02200 0.68900 0.22300 0.06600
0.25100 0.25200 0.40900 0.08800
0.04600 0.48300 0.29100 0.17900
0.00100 0.00100 0.99700 0.00100
0.00100 0.00100 0.97700 0.02100
0.39300 0.51500 0.00100 0.09100
0.95400 0.00100 0.00100 0.04400
0.00100 0.99700 0.00100 0.00100
0.02100 0.97700 0.00100 0.00100
0.02100 0.97700 0.00100 0.00100
0.11200 0.59300 0.00100 0.29400

>ZBED5 refined_GHTS_ZBED5
0.11400 0.48100 0.18600 0.21800
0.07300 0.60000 0.21100 0.11600
0.21600 0.36300 0.30200 0.11900
0.12800 0.30700 0.37900 0.18700
0.01500 0.01300 0.95900 0.01300
0.00800 0.02100 0.90600 0.06400
0.33700 0.52200 0.03500 0.10600
0.70600 0.02300 0.04300 0.22800
0.00600 0.96400 0.02300 0.00700
0.06000 0.92800 0.00600 0.00500
0.05200 0.92700 0.01000 0.01100
0.16400 0.55000 0.01900 0.26700

>ZNF20 initial_GHTS_ZNF20
0.62800 0.07400 0.13700 0.16100
0.02200 0.00100 0.95500 0.02200
0.06700 0.13900 0.77100 0.02300
0.55400 0.14900 0.09100 0.20600
0.25900 0.06800 0.67200 0.00100
0.40300 0.22800 0.04500 0.32400
0.11200 0.00100 0.88600 0.00100
0.00100 0.13500 0.00100 0.86300
0.99700 0.00100 0.00100 0.00100
0.00100 0.97600 0.02200 0.00100

>ZNF20 refined_GHTS_ZNF20
0.48100 0.09600 0.19500 0.22800
0.07393 0.00100 0.82018 0.10490
0.08700 0.18600 0.70300 0.02400
0.46900 0.19500 0.09100 0.24500
0.23976 0.06993 0.68931 0.00100
0.47000 0.18100 0.05300 0.29500
0.13074 0.00100 0.86726 0.00100
0.00100 0.30969 0.00100 0.68831
0.99600 0.00200 0.00200 0.00100
0.00100 0.94300 0.05400 0.00200

>ZNF251 initial_GHTS_ZNF251
0.20300 0.12300 0.22300 0.45100
0.11400 0.00100 0.74300 0.14200
0.01800 0.63700 0.02700 0.31800
0.42400 0.02600 0.54100 0.00900
0.04400 0.55800 0.11500 0.28300
0.12300 0.15800 0.00900 0.71000
0.38200 0.09700 0.05300 0.46800
0.99000 0.00100 0.00800 0.00100
0.29200 0.15000 0.54000 0.01800
0.07900 0.52100 0.06100 0.33900
0.29100 0.01800 0.64700 0.04400
0.23900 0.62800 0.03500 0.09800

>ZNF251 refined_GHTS_ZNF251
0.25600 0.12800 0.22400 0.39200
0.18000 0.00400 0.59100 0.22600
0.06200 0.49400 0.07200 0.37200
0.46400 0.06800 0.42600 0.04100
0.08000 0.46800 0.18000 0.27200
0.22200 0.20500 0.02300 0.55100
0.36900 0.18900 0.12200 0.32000
0.95800 0.00200 0.03800 0.00200
0.29900 0.18300 0.48400 0.03300
0.17600 0.36300 0.10800 0.35300
0.35700 0.04800 0.49900 0.09600
0.29100 0.47100 0.07900 0.15900

>ZNF367 initial_GHTS_ZNF367
0.41300 0.30900 0.15400 0.12400
0.16000 0.06000 0.13000 0.65000
0.00100 0.00100 0.00100 0.99700
0.03300 0.00100 0.00100 0.96500
0.99700 0.00100 0.00100 0.00100
0.99700 0.00100 0.00100 0.00100
0.99700 0.00100 0.00100 0.00100
0.09800 0.01400 0.44800 0.44000
0.19500 0.20800 0.43000 0.16700
0.11200 0.26000 0.41300 0.21400

>ZNF367 refined_GHTS_ZNF367
0.35500 0.21800 0.12700 0.30000
0.13600 0.05900 0.08400 0.72100
0.00100 0.00100 0.00100 0.99700
0.08483 0.00100 0.00100 0.91317
0.99700 0.00100 0.00100 0.00100
0.99700 0.00100 0.00100 0.00100
0.99700 0.00100 0.00100 0.00100
0.29700 0.05300 0.31100 0.33900
0.29300 0.15200 0.35200 0.20300
0.21900 0.23500 0.25700 0.28800

>ZNF395 initial_GHTS_ZNF395
0.34500 0.00100 0.65300 0.00100
0.00100 0.99700 0.00100 0.00100
0.00100 0.99700 0.00100 0.00100
0.00100 0.00100 0.99700 0.00100
0.00100 0.00100 0.99700 0.00100
0.00100 0.34500 0.00100 0.65300
0.28700 0.24000 0.31600 0.15700
0.58900 0.00300 0.21900 0.18900

>ZNF395 refined_GHTS_ZNF395
0.14700 0.00600 0.84500 0.00200
0.00100 0.99700 0.00100 0.00100
0.00100 0.99700 0.00100 0.00100
0.00100 0.00100 0.99700 0.00100
0.00100 0.00100 0.99700 0.00100
0.01600 0.74900 0.05700 0.17800
0.17200 0.38800 0.28900 0.15200
0.18200 0.26700 0.42200 0.12900

>ZNF493 initial_GHTS_ZNF493
0.00100 0.07100 0.92700 0.00100
0.00100 0.00100 0.99700 0.00100
0.00100 0.00100 0.95700 0.04100
0.79100 0.19900 0.00900 0.00100
0.99700 0.00100 0.00100 0.00100
0.00100 0.99700 0.00100 0.00100
0.00100 0.08500 0.00100 0.91300
0.79000 0.00100 0.20800 0.00100

>ZNF493 refined_GHTS_ZNF493
0.00500 0.02400 0.96800 0.00300
0.00499 0.00100 0.99301 0.00100
0.00500 0.00100 0.95604 0.03796
0.24775 0.67333 0.07792 0.00100
0.98900 0.00500 0.00300 0.00300
0.00100 0.99501 0.00299 0.00100
0.00500 0.16084 0.00100 0.83317
0.24000 0.00300 0.74700 0.00900

>ZNF518B initial_GHTS_ZNF518B
0.33700 0.00100 0.66100 0.00100
0.00100 0.00100 0.00100 0.99700
0.99700 0.00100 0.00100 0.00100
0.00100 0.00100 0.99700 0.00100
0.88300 0.00100 0.11500 0.00100
0.79100 0.05500 0.10300 0.05100
0.60400 0.14600 0.15700 0.09300
0.12800 0.12800 0.00100 0.74300
0.00100 0.99700 0.00100 0.00100
0.00100 0.00100 0.00100 0.99700
0.99700 0.00100 0.00100 0.00100
0.00100 0.93500 0.00100 0.06300

>ZNF518B refined_GHTS_ZNF518B
0.33900 0.01400 0.62000 0.02700
0.01100 0.02400 0.02500 0.93900
0.89500 0.00300 0.09500 0.00700
0.00700 0.00200 0.98800 0.00300
0.61900 0.01300 0.27400 0.09300
0.37100 0.14800 0.21300 0.26800
0.36500 0.20300 0.16900 0.26300
0.15900 0.25600 0.01000 0.57500
0.00800 0.98200 0.00400 0.00700
0.00700 0.09600 0.00400 0.89300
0.95600 0.02300 0.01000 0.01100
0.02900 0.67800 0.01500 0.27900

>ZNF648 initial_GHTS_ZNF648
0.34800 0.03100 0.46500 0.15500
0.00100 0.06200 0.90600 0.03100
0.60800 0.00100 0.28900 0.10200
0.66200 0.00100 0.33600 0.00100
0.03000 0.00100 0.96800 0.00100
0.00100 0.00100 0.99700 0.00100
0.00100 0.00100 0.99700 0.00100
0.06400 0.00100 0.93400 0.00100
0.90600 0.09200 0.00100 0.00100
0.00100 0.00100 0.99700 0.00100
0.16100 0.72500 0.11300 0.00100
0.00100 0.93700 0.00100 0.06100

>ZNF648 refined_GHTS_ZNF648
0.19800 0.08900 0.59000 0.12200
0.02700 0.13300 0.77900 0.06200
0.40300 0.04000 0.43200 0.12600
0.43300 0.03100 0.51700 0.01900
0.12400 0.02500 0.83500 0.01600
0.04700 0.04000 0.89500 0.01800
0.02500 0.01900 0.94500 0.01100
0.14300 0.03000 0.82300 0.00500
0.67200 0.28100 0.03000 0.01800
0.02500 0.03200 0.92200 0.02000
0.16600 0.48300 0.33600 0.01500
0.03900 0.73300 0.08800 0.13900
