>CAMTA1 CAMTA1_motif1
0.00178 0.71683 0.00068 0.28071
0.00004 0.00006 0.99964 0.00026
0.00004 0.99541 0.00006 0.00449
0.99703 0.00006 0.00287 0.00004
0.53021 0.08303 0.16420 0.22257
0.00361 0.00006 0.00912 0.98722
0.00004 0.00006 0.99738 0.00252
0.00698 0.98642 0.00455 0.00206

>CAMTA1 CAMTA1_motif2
0.08716 0.77949 0.05235 0.08099
0.00880 0.75627 0.02588 0.20905
0.00880 0.00234 0.98264 0.00622
0.00009 0.99970 0.00011 0.00009
0.99968 0.00011 0.00011 0.00009
0.10476 0.04772 0.11330 0.73421
0.01750 0.01753 0.00011 0.96486
0.00880 0.02224 0.96887 0.00009
0.00880 0.96032 0.03079 0.00009
0.67289 0.02208 0.26539 0.03963

>CAMTA1 CAMTA1_motif3
0.09661 0.00042 0.90278 0.00019
0.26466 0.69178 0.00042 0.04313
0.00019 0.99919 0.00042 0.00019
0.00019 0.00042 0.99919 0.00019
0.00019 0.96480 0.00042 0.03458
0.99896 0.00042 0.00042 0.00019

>LEUTX LEUTX_motif1
0.02799 0.01746 0.92656 0.02799
0.02799 0.01746 0.92656 0.02799
0.93708 0.01746 0.01746 0.02799
0.02799 0.01746 0.01746 0.93708
0.02799 0.01746 0.01746 0.93708
0.93708 0.01746 0.01746 0.02799

>LEUTX LEUTX_motif2
0.02367 0.02178 0.93087 0.02367
0.02367 0.02178 0.93087 0.02367
0.93276 0.02178 0.02178 0.02367
0.02367 0.02178 0.02178 0.93276
0.02367 0.02178 0.02178 0.93276
0.93276 0.02178 0.02178 0.02367

>LEUTX LEUTX_motif3
0.00937 0.00004 0.99055 0.00004
0.00004 0.00004 0.99988 0.00004
0.99876 0.00116 0.00004 0.00004
0.00004 0.00004 0.00004 0.99988
0.00185 0.00004 0.00004 0.99808
0.99988 0.00004 0.00004 0.00004
0.11367 0.49437 0.10475 0.28721
0.00004 0.75392 0.06234 0.18371

>LEUTX LEUTX_motif4
0.25292 0.29505 0.31210 0.13994
0.32823 0.28429 0.17760 0.20988
0.22601 0.22064 0.29596 0.25739
0.21178 0.36309 0.00006 0.42507
0.00006 0.00006 0.00006 0.99983
0.99983 0.00006 0.00006 0.00006
0.99983 0.00006 0.00006 0.00006
0.00006 0.00006 0.00006 0.99983
0.00006 0.79001 0.00006 0.20988
0.04847 0.74697 0.00006 0.20450
0.15607 0.44569 0.11842 0.27981
0.24125 0.29058 0.27444 0.19373
0.24216 0.30134 0.25201 0.20450
0.17222 0.41341 0.16684 0.24754

>MYF6 MYF6_motif1
0.17115 0.25142 0.33635 0.24108
0.58290 0.04447 0.37262 0.00001
0.71477 0.02666 0.07986 0.17870
0.00001 0.99997 0.00001 0.00001
0.99996 0.00001 0.00001 0.00001
0.07018 0.19274 0.73707 0.00001
0.00001 0.73707 0.19274 0.07018
0.00001 0.00001 0.00001 0.99996
0.00001 0.00001 0.99997 0.00001
0.17870 0.07986 0.02666 0.71477
0.00001 0.37262 0.04447 0.58290
0.24108 0.33635 0.25142 0.17115

>MYF6 MYF6_motif2
0.01705 0.93750 0.02841 0.01705
0.92614 0.02841 0.02841 0.01705
0.01705 0.02841 0.93750 0.01705
0.01705 0.93750 0.02841 0.01705
0.01705 0.02841 0.02841 0.92614
0.01705 0.02841 0.93750 0.01705

>PRDM13 PRDM13_motif1
0.34646 0.29250 0.16044 0.20061
0.12510 0.06060 0.26165 0.55265
0.13353 0.12664 0.73978 0.00005
0.00555 0.96131 0.00007 0.03307
0.00005 0.99433 0.00007 0.00555
0.99981 0.00007 0.00007 0.00005
0.00005 0.99983 0.00007 0.00005
0.00005 0.99983 0.00007 0.00005
0.15414 0.00007 0.00557 0.84022
0.00005 0.00007 0.99983 0.00005
0.00005 0.84574 0.00557 0.14864
0.22018 0.12664 0.01108 0.64210
0.18716 0.20369 0.53206 0.07709
0.16362 0.49744 0.15179 0.18716

>PRDM13 PRDM13_motif2
0.14163 0.14160 0.71092 0.00585
0.02251 0.90236 0.02368 0.05145
0.00001 0.99996 0.00001 0.00001
0.99996 0.00001 0.00001 0.00001
0.00001 0.99996 0.00001 0.00001
0.00001 0.99996 0.00001 0.00001
0.23948 0.01947 0.00001 0.74103
0.00001 0.00001 0.99996 0.00001
0.00001 0.82473 0.00001 0.17525
0.19160 0.19999 0.01218 0.59622

>PRDM13 PRDM13_motif3
0.04282 0.18337 0.44384 0.32997
0.26803 0.25057 0.43246 0.04893
0.07337 0.77515 0.15142 0.00005
0.01227 0.94482 0.01841 0.02449
0.99978 0.00008 0.00008 0.00005
0.00005 0.99981 0.00008 0.00005
0.00005 0.97537 0.02452 0.00005
0.14668 0.02452 0.01841 0.81039
0.01838 0.01230 0.96926 0.00005
0.00005 0.88513 0.00008 0.11474
0.27359 0.21392 0.03063 0.48187
0.13918 0.31778 0.43302 0.11003
0.14668 0.56132 0.12838 0.16361
0.23138 0.42635 0.09173 0.25055
0.23833 0.27361 0.27417 0.21389
0.11003 0.56076 0.21307 0.11614

>PRDM13 PRDM13_motif4
0.10200 0.00011 0.89782 0.00007
0.00007 0.99975 0.00011 0.00007
0.85403 0.00011 0.04389 0.10197
0.00007 0.00011 0.99975 0.00007
0.00007 0.00011 0.99975 0.00007
0.00007 0.00011 0.00011 0.99971
0.01309 0.00775 0.97909 0.00007
0.05066 0.00011 0.94916 0.00007
0.00929 0.76987 0.09353 0.12731
0.46915 0.39904 0.05650 0.07531

>SALL3 SALL3_motif1
0.40511 0.12363 0.33502 0.13623
0.91466 0.02488 0.02713 0.03333
0.93951 0.00455 0.05588 0.00006
0.93659 0.00003 0.00229 0.06109
0.02881 0.00003 0.00003 0.97113
0.98181 0.00907 0.00003 0.00910
0.00006 0.50219 0.00003 0.49771
0.49771 0.00003 0.50219 0.00006
0.00910 0.00003 0.00907 0.98181
0.97113 0.00003 0.00003 0.02881
0.06109 0.00229 0.00003 0.93659
0.00006 0.05588 0.00455 0.93951
0.03333 0.02713 0.02488 0.91466
0.13623 0.33502 0.12363 0.40511

>SALL3 SALL3_motif2
0.38411 0.15254 0.29777 0.16558
0.89082 0.02539 0.04061 0.04318
0.88829 0.01271 0.09893 0.00007
0.96759 0.00003 0.00003 0.03234
0.02543 0.00003 0.00187 0.97266
0.94936 0.01018 0.00257 0.03789
0.00007 0.50500 0.00003 0.49489
0.49489 0.00003 0.50500 0.00007
0.03789 0.00257 0.01018 0.94936
0.97266 0.00187 0.00003 0.02543
0.03234 0.00003 0.00003 0.96759
0.00007 0.09893 0.01271 0.88829
0.04318 0.04061 0.02539 0.89082
0.16558 0.29777 0.15254 0.38411

>SALL3 SALL3_motif3
0.34131 0.11906 0.44432 0.09531
0.94424 0.01196 0.00800 0.03581
0.97200 0.00006 0.01989 0.00804
0.96803 0.00006 0.00006 0.03184
0.02787 0.00006 0.00006 0.97200
0.99183 0.00006 0.00006 0.00804
0.00011 0.50386 0.00006 0.49597
0.49597 0.00006 0.50386 0.00011
0.00804 0.00006 0.00006 0.99183
0.97200 0.00006 0.00006 0.02787
0.03184 0.00006 0.00006 0.96803
0.00804 0.01989 0.00006 0.97200
0.03581 0.00800 0.01196 0.94424
0.09531 0.44432 0.11906 0.34131

>SALL3 SALL3_motif4
0.52124 0.00005 0.31714 0.16156
0.75778 0.04177 0.15025 0.05019
0.20039 0.00005 0.00005 0.79950
0.00013 0.00005 0.00005 0.99977
0.99977 0.00005 0.00005 0.00013
0.00013 0.00840 0.00005 0.99143
0.00013 0.02508 0.55973 0.41506
0.99143 0.00840 0.00005 0.00013
0.66599 0.00005 0.01674 0.31722
0.00013 0.00610 0.00005 0.99372
0.59318 0.15630 0.06681 0.18371
0.68497 0.00005 0.00005 0.31492
0.00013 0.08350 0.00005 0.91632
0.70166 0.00840 0.10623 0.18371
0.64870 0.00005 0.00840 0.34285
0.10026 0.11977 0.09184 0.68813

>USF3 USF3_motif1
0.23501 0.26698 0.31170 0.18631
0.30995 0.09974 0.37834 0.21197
0.19508 0.10237 0.59206 0.11049
0.28870 0.44080 0.26084 0.00965
0.03508 0.80555 0.01173 0.14764
0.00001 0.99997 0.00001 0.00001
0.99997 0.00001 0.00001 0.00001
0.00001 0.99997 0.00001 0.00001
0.00001 0.00001 0.99997 0.00001
0.00001 0.00001 0.00001 0.99997
0.00001 0.00001 0.99997 0.00001
0.14764 0.01173 0.80555 0.03508
0.00965 0.26084 0.44080 0.28870
0.11049 0.59206 0.10237 0.19508
0.21197 0.37834 0.09974 0.30995
0.18631 0.31170 0.26698 0.23501

>USF3 USF3_motif2
0.26906 0.16419 0.34001 0.22673
0.22166 0.19736 0.45971 0.12127
0.29724 0.38452 0.30293 0.01531
0.06464 0.74234 0.02035 0.17267
0.00001 0.99998 0.00001 0.00001
0.99998 0.00001 0.00001 0.00001
0.00001 0.99998 0.00001 0.00001
0.00001 0.00001 0.99998 0.00001
0.00001 0.00001 0.00001 0.99998
0.00001 0.00001 0.99998 0.00001
0.17267 0.02035 0.74234 0.06464
0.01531 0.30293 0.38452 0.29724
0.12127 0.45971 0.19736 0.22166
0.22673 0.34001 0.16419 0.26906

>USF3 USF3_motif3
0.21748 0.25417 0.30959 0.21876
0.26249 0.16512 0.34940 0.22299
0.23210 0.19481 0.44208 0.13101
0.28528 0.39014 0.30546 0.01913
0.06490 0.74168 0.02534 0.16807
0.00001 0.99998 0.00001 0.00001
0.99998 0.00001 0.00001 0.00001
0.00001 0.99998 0.00001 0.00001
0.00001 0.00001 0.99998 0.00001
0.00001 0.00001 0.00001 0.99998
0.00001 0.00001 0.99998 0.00001
0.16807 0.02534 0.74168 0.06490
0.01913 0.30546 0.39014 0.28528
0.13101 0.44208 0.19481 0.23210
0.22299 0.34940 0.16512 0.26249
0.21876 0.30959 0.25417 0.21748

>USF3 USF3_motif4
0.24508 0.19727 0.36401 0.19364
0.20544 0.22349 0.45210 0.11897
0.29813 0.40004 0.28014 0.02168
0.06852 0.76197 0.02531 0.14419
0.00006 0.99978 0.00009 0.00006
0.99975 0.00009 0.00009 0.00006
0.00006 0.99978 0.00009 0.00006
0.00006 0.00009 0.99978 0.00006
0.00006 0.00009 0.00009 0.99975
0.00006 0.00009 0.99978 0.00006
0.14419 0.02531 0.76197 0.06852
0.02168 0.28014 0.40004 0.29813
0.11897 0.45210 0.22349 0.20544
0.19364 0.36401 0.19727 0.24508

>ZBED2 ZBED2_motif1
0.35808 0.52497 0.03056 0.08638
0.00022 0.99931 0.00025 0.00022
0.00022 0.00025 0.99931 0.00022
0.99928 0.00025 0.00025 0.00022
0.99928 0.00025 0.00025 0.00022
0.65694 0.33098 0.01187 0.00022
0.00022 0.99931 0.00025 0.00022
0.00022 0.68149 0.00025 0.31804

>ZBED2 ZBED2_motif2
0.02266 0.93188 0.02279 0.02266
0.02266 0.02279 0.93188 0.02266
0.93175 0.02279 0.02279 0.02266
0.93175 0.02279 0.02279 0.02266
0.93175 0.02279 0.02279 0.02266
0.02266 0.93188 0.02279 0.02266

>ZBED2 ZBED2_motif3
0.43015 0.47917 0.05438 0.03630
0.00020 0.99938 0.00022 0.00020
0.00020 0.00022 0.99938 0.00020
0.99936 0.00022 0.00022 0.00020
0.99936 0.00022 0.00022 0.00020
0.62633 0.37325 0.00022 0.00020
0.00020 0.99938 0.00022 0.00020
0.00020 0.65639 0.05438 0.28903
0.51472 0.07243 0.27264 0.14022
0.44873 0.32186 0.13894 0.09046

>ZBED2 ZBED2_motif4
0.31659 0.36581 0.12338 0.19423
0.00003 0.99990 0.00003 0.00003
0.00003 0.00003 0.99990 0.00003
0.99761 0.00232 0.00003 0.00003
0.98403 0.00003 0.00003 0.01590
0.71131 0.25323 0.03225 0.00321
0.00003 0.99355 0.00321 0.00321
0.00003 0.69059 0.00003 0.30934
0.46412 0.16609 0.24975 0.12005
0.25638 0.23683 0.34785 0.15894

>ZBED5 ZBED5_motif1
0.33327 0.18633 0.27453 0.20587
0.23527 0.03934 0.67631 0.04908
0.00009 0.00994 0.98989 0.00009
0.00009 0.00014 0.96049 0.03928
0.00009 0.00014 0.99969 0.00009
0.00009 0.00014 0.00014 0.99963
0.05888 0.00014 0.25493 0.68605
0.00009 0.99969 0.00014 0.00009
0.00009 0.98989 0.00014 0.00988
0.07848 0.06874 0.80370 0.04908
0.03928 0.49991 0.16673 0.29407
0.08828 0.01974 0.87230 0.01968
0.08828 0.04914 0.81350 0.04908
0.36267 0.28433 0.29413 0.05888
0.35287 0.13734 0.35292 0.15688
0.08828 0.53911 0.29413 0.07848
0.26467 0.46072 0.19613 0.07848
0.16668 0.48032 0.17653 0.17647
0.11768 0.31372 0.36272 0.20587
0.08828 0.36272 0.40192 0.14708

>ZBED5 ZBED5_motif2
0.01806 0.02739 0.93648 0.01806
0.01806 0.02739 0.93648 0.01806
0.47261 0.02739 0.02739 0.47261
0.47261 0.02739 0.02739 0.47261
0.01806 0.93648 0.02739 0.01806
0.01806 0.93648 0.02739 0.01806

>ZBED5 ZBED5_motif3
0.27331 0.15338 0.30667 0.26664
0.16667 0.02676 0.73987 0.06670
0.00006 0.02009 0.97979 0.00006
0.00006 0.00010 0.93981 0.06004
0.00006 0.00010 0.99979 0.00006
0.00006 0.00010 0.00010 0.99975
0.08003 0.00010 0.22669 0.69318
0.00006 0.99979 0.00010 0.00006
0.00006 0.99979 0.00010 0.00006
0.09336 0.12673 0.72654 0.05337
0.03338 0.39997 0.22669 0.33995
0.05337 0.08674 0.85983 0.00006
0.13335 0.06008 0.72654 0.08003
0.33995 0.31333 0.28668 0.06004
0.35995 0.16005 0.32000 0.16001
0.09336 0.56659 0.24669 0.09336
0.27331 0.37998 0.24669 0.10003
0.13335 0.46662 0.26668 0.13335
0.12668 0.30001 0.34666 0.22665
0.10003 0.35999 0.35332 0.18667

>ZBED5 ZBED5_motif4
0.30427 0.08711 0.26090 0.34771
0.23186 0.02918 0.72434 0.01462
0.00014 0.00022 0.99950 0.00014
0.00014 0.00022 0.98502 0.01462
0.00014 0.00022 0.99950 0.00014
0.01462 0.01470 0.00022 0.97045
0.02910 0.00022 0.24642 0.72426
0.00014 0.99950 0.00022 0.00014
0.00014 0.99950 0.00022 0.00014
0.08703 0.00022 0.84020 0.07255
0.00014 0.42021 0.21746 0.36220
0.01462 0.04367 0.89812 0.04359
0.07255 0.02918 0.79675 0.10151
0.37668 0.31883 0.24642 0.05807
0.42013 0.17401 0.27538 0.13048
0.07255 0.55055 0.27538 0.10151
0.27530 0.42021 0.23194 0.07255
0.14496 0.47814 0.21746 0.15945
0.14496 0.31883 0.30435 0.23186
0.05807 0.40573 0.36228 0.17393
0.18841 0.27538 0.34780 0.18841
0.24634 0.26090 0.30435 0.18841

>ZNF20 ZNF20_motif1
0.00891 0.00011 0.99086 0.00013
0.92072 0.03069 0.00011 0.04848
0.03373 0.00011 0.96603 0.00013
0.17309 0.01130 0.01130 0.80432
0.02254 0.00011 0.97723 0.00013
0.00013 0.00011 0.00011 0.99966
0.99966 0.00011 0.00011 0.00013
0.00013 0.99964 0.00011 0.00013

>ZNF20 ZNF20_motif2
0.02146 0.00923 0.96922 0.00009
0.94850 0.00008 0.00008 0.05133
0.05493 0.00008 0.94490 0.00009
0.23001 0.01646 0.00606 0.74747
0.01292 0.00008 0.98691 0.00009
0.00009 0.00008 0.00008 0.99975
0.99975 0.00008 0.00008 0.00009
0.00009 0.99974 0.00008 0.00009

>ZNF20 ZNF20_motif3
0.78828 0.02788 0.04220 0.14164
0.01032 0.00266 0.98699 0.00003
0.00003 0.00266 0.00003 0.99728
0.98285 0.00003 0.01584 0.00128
0.00003 0.95510 0.00003 0.04484
0.36384 0.00793 0.09493 0.53330
0.00003 0.88655 0.00003 0.11339
0.15546 0.00793 0.07596 0.76064
0.00986 0.96370 0.01997 0.00648
0.01000 0.96134 0.00003 0.02864

>ZNF20 ZNF20_motif4
0.00005 0.00006 0.99984 0.00005
0.75002 0.09230 0.00923 0.14845
0.25195 0.00006 0.74794 0.00005
0.67186 0.06267 0.00006 0.26541
0.00005 0.00006 0.99984 0.00005
0.00005 0.00006 0.00006 0.99984
0.99984 0.00006 0.00006 0.00005
0.00005 0.98780 0.00006 0.01209

>ZNF251 ZNF251_motif1
0.00570 0.00001 0.99285 0.00144
0.00428 0.61386 0.00143 0.38043
0.00712 0.01990 0.00001 0.97297
0.95201 0.00427 0.03944 0.00428
0.99996 0.00001 0.00001 0.00002
0.04793 0.01241 0.93965 0.00002
0.00712 0.04650 0.00711 0.93927
0.00815 0.00143 0.99040 0.00002
0.89665 0.09234 0.00389 0.00712
0.91796 0.01990 0.03514 0.02701
0.91473 0.01706 0.04120 0.02701
0.16479 0.12180 0.43854 0.27487
0.83803 0.01706 0.09660 0.04831
0.79541 0.03410 0.12785 0.04263
0.11365 0.06535 0.78547 0.03553
0.05826 0.76274 0.07388 0.10513
0.13315 0.70915 0.04547 0.11223
0.79399 0.05541 0.07814 0.07246

>ZNF251 ZNF251_motif2
0.01797 0.14596 0.02840 0.80766
0.00512 0.00001 0.99485 0.00001
0.00562 0.61162 0.00141 0.38136
0.00524 0.01002 0.00108 0.98365
0.94997 0.00538 0.03605 0.00860
0.99889 0.00108 0.00001 0.00001
0.02663 0.00586 0.96642 0.00109
0.00938 0.02985 0.01389 0.94687
0.01227 0.00001 0.98771 0.00001
0.95748 0.03620 0.00445 0.00187
0.94107 0.00216 0.04559 0.01118
0.97950 0.00430 0.00327 0.01293

>ZNF251 ZNF251_motif3
0.01806 0.00296 0.04977 0.92921
0.00001 0.99076 0.00001 0.00922
0.95813 0.01291 0.01998 0.00897
0.00001 0.97327 0.00337 0.02335
0.00001 0.00001 0.00001 0.99997
0.00998 0.03145 0.00001 0.95856
0.98017 0.00001 0.01507 0.00475
0.36802 0.00001 0.62994 0.00203
0.00001 0.98457 0.00001 0.01541
0.78552 0.01538 0.17090 0.02820

>ZNF251 ZNF251_motif4
0.01442 0.15765 0.02385 0.80408
0.01247 0.00002 0.98750 0.00002
0.00497 0.58684 0.00097 0.40722
0.00678 0.01230 0.00002 0.98090
0.95193 0.00407 0.03689 0.00711
0.99995 0.00002 0.00002 0.00002
0.02179 0.01651 0.96168 0.00002
0.00002 0.03136 0.02257 0.94606
0.01134 0.00002 0.98863 0.00002
0.94712 0.05285 0.00002 0.00002
0.94310 0.00331 0.04576 0.00782
0.96681 0.00167 0.01651 0.01501

>ZNF367 ZNF367_motif1
0.14063 0.58790 0.15288 0.11858
0.46830 0.35867 0.09203 0.08100
0.00345 0.00001 0.03917 0.95737
0.00002 0.00001 0.00001 0.99996
0.00002 0.00001 0.00001 0.99996
0.99996 0.00001 0.00001 0.00002
0.99996 0.00001 0.00001 0.00002
0.95737 0.03917 0.00001 0.00345
0.08100 0.09203 0.35867 0.46830
0.11858 0.15288 0.58790 0.14063

>ZNF367 ZNF367_motif2
0.09789 0.63568 0.11110 0.15533
0.41912 0.36360 0.10766 0.10962
0.04089 0.00795 0.04407 0.90709
0.00001 0.00001 0.00001 0.99997
0.00293 0.00001 0.00001 0.99705
0.99705 0.00001 0.00001 0.00293
0.99997 0.00001 0.00001 0.00001
0.90709 0.04407 0.00795 0.04089
0.10962 0.10766 0.36360 0.41912
0.15533 0.11110 0.63568 0.09789

>ZNF367 ZNF367_motif3
0.17298 0.51626 0.23599 0.07478
0.15904 0.54625 0.17374 0.12097
0.40709 0.35752 0.11928 0.11610
0.06907 0.03561 0.13105 0.76426
0.00001 0.00001 0.00058 0.99939
0.00001 0.00001 0.00001 0.99997
0.99997 0.00001 0.00001 0.00001
0.99939 0.00058 0.00001 0.00001
0.76426 0.13105 0.03561 0.06907
0.11610 0.11928 0.35752 0.40709
0.12097 0.17374 0.54625 0.15904
0.07478 0.23599 0.51626 0.17298

>ZNF367 ZNF367_motif4
0.08394 0.09133 0.65791 0.16682
0.21683 0.38300 0.32526 0.07491
0.06801 0.65755 0.11074 0.16370
0.36039 0.30802 0.10390 0.22769
0.04335 0.01924 0.05357 0.88384
0.00001 0.00001 0.00001 0.99998
0.00001 0.00001 0.00001 0.99998
0.99998 0.00001 0.00001 0.00001
0.99998 0.00001 0.00001 0.00001
0.88384 0.05357 0.01924 0.04335
0.22769 0.10390 0.30802 0.36039
0.16370 0.11074 0.65755 0.06801
0.07491 0.32526 0.38300 0.21683
0.16682 0.65791 0.09133 0.08394

>ZNF395 ZNF395_motif1
0.09701 0.05101 0.83673 0.01526
0.00004 0.99983 0.00010 0.00004
0.00004 0.99983 0.00010 0.00004
0.00004 0.00010 0.99983 0.00004
0.00004 0.00010 0.99983 0.00004
0.00004 0.99983 0.00010 0.00004
0.00004 0.99983 0.00010 0.00004
0.00004 0.00010 0.99983 0.00004
0.00004 0.00010 0.99983 0.00004
0.01526 0.83673 0.05101 0.09701

>ZNF395 ZNF395_motif2
0.01234 0.94221 0.03312 0.01234
0.01234 0.94221 0.03312 0.01234
0.01234 0.03312 0.94221 0.01234
0.01234 0.03312 0.94221 0.01234
0.01234 0.94221 0.03312 0.01234
0.01234 0.94221 0.03312 0.01234
0.01234 0.03312 0.94221 0.01234
0.01234 0.03312 0.94221 0.01234

>ZNF395 ZNF395_motif3
0.01340 0.94115 0.03206 0.01340
0.01340 0.94115 0.03206 0.01340
0.01340 0.03206 0.94115 0.01340
0.01340 0.03206 0.94115 0.01340
0.01340 0.94115 0.03206 0.01340
0.01340 0.94115 0.03206 0.01340
0.01340 0.03206 0.94115 0.01340
0.01340 0.03206 0.94115 0.01340

>ZNF395 ZNF395_motif4
0.04327 0.26613 0.17112 0.51948
0.11097 0.00525 0.88371 0.00007
0.00007 0.99971 0.00014 0.00007
0.00007 0.99971 0.00014 0.00007
0.00007 0.00014 0.99971 0.00007
0.00007 0.00525 0.99460 0.00007
0.00007 0.99460 0.00525 0.00007
0.00007 0.99971 0.00014 0.00007
0.00007 0.00014 0.99971 0.00007
0.00007 0.00014 0.99971 0.00007
0.00007 0.88371 0.00525 0.11097
0.51948 0.17112 0.26613 0.04327

>ZNF493 ZNF493_motif1
0.00985 0.00006 0.99005 0.00005
0.03435 0.00986 0.95574 0.00005
0.27940 0.65678 0.02946 0.03435
0.99984 0.00006 0.00006 0.00005
0.00005 0.99985 0.00006 0.00005
0.00005 0.00986 0.00006 0.99004
0.06376 0.00006 0.93614 0.00005
0.10787 0.00006 0.51956 0.37252
0.01965 0.29902 0.33332 0.34801
0.17648 0.72050 0.03436 0.06866
0.15197 0.17649 0.00986 0.66167
0.10297 0.03436 0.84792 0.01475
0.00985 0.01476 0.90673 0.06866
0.25489 0.23530 0.44114 0.06866
0.17648 0.15199 0.17649 0.49504
0.17648 0.14219 0.58327 0.09806
0.17648 0.45094 0.23040 0.14217
0.15688 0.40194 0.15199 0.28920
0.18138 0.34802 0.26471 0.20589
0.15197 0.22060 0.34312 0.28430

>ZNF493 ZNF493_motif2
0.03120 0.06226 0.81326 0.09329
0.10925 0.84386 0.01569 0.03120
0.89085 0.06226 0.03121 0.01568
0.03120 0.81326 0.03121 0.12433
0.00015 0.99952 0.00017 0.00015
0.00015 0.99952 0.00017 0.00015
0.85981 0.01569 0.09330 0.03120
0.06224 0.00017 0.90639 0.03120
0.75116 0.07778 0.17091 0.00015
0.20194 0.64230 0.00017 0.15559
0.00015 0.98400 0.01569 0.00015
0.99951 0.00017 0.00017 0.00015
0.00015 0.00017 0.99952 0.00015
0.00015 0.00017 0.00017 0.99951
0.00015 0.01569 0.32613 0.65802
0.00015 0.84408 0.03121 0.12455
0.01568 0.95295 0.00017 0.03120
0.03127 0.78200 0.01569 0.17104

>ZNF493 ZNF493_motif3
0.77094 0.15838 0.01776 0.05291
0.05291 0.77095 0.01776 0.15837
0.00018 0.99945 0.00019 0.00018
0.00018 0.96430 0.00019 0.03533
0.89398 0.01776 0.07050 0.01776
0.07049 0.01776 0.87642 0.03533
0.73579 0.14080 0.10565 0.01776
0.29898 0.59519 0.00019 0.10564
0.00018 0.99945 0.00019 0.00018
0.99944 0.00019 0.00019 0.00018
0.00018 0.00019 0.99945 0.00018
0.00018 0.01776 0.00019 0.98187
0.01776 0.01776 0.36930 0.59518
0.00018 0.91157 0.01776 0.07049
0.00018 0.98188 0.00019 0.01776
0.01776 0.84126 0.01776 0.12322

>ZNF493 ZNF493_motif4
0.49338 0.22369 0.15133 0.13159
0.11186 0.45392 0.14805 0.28618
0.03621 0.91109 0.02964 0.02305
0.00003 0.86176 0.04280 0.09541
0.69401 0.02964 0.17107 0.10528
0.05923 0.07569 0.70060 0.16448
0.36182 0.33552 0.27303 0.02963
0.33551 0.52628 0.01648 0.12172
0.00003 0.93741 0.00333 0.05923
0.96700 0.00004 0.03293 0.00003
0.00332 0.00004 0.99661 0.00003
0.00003 0.00991 0.00004 0.99002
0.03950 0.04609 0.68744 0.22697
0.00003 0.96372 0.00662 0.02963
0.00003 0.98345 0.00004 0.01648
0.01977 0.85518 0.00333 0.12172
0.55916 0.13160 0.16449 0.14475
0.13488 0.28947 0.26316 0.31249
0.27631 0.33552 0.14147 0.24671
0.24671 0.30921 0.26974 0.17435
0.25657 0.33881 0.20067 0.20395
0.26315 0.28618 0.23027 0.22040

>ZNF518B ZNF518B_motif1
0.26002 0.00001 0.73996 0.00002
0.00002 0.00001 0.00001 0.99996
0.94947 0.00129 0.04923 0.00002
0.00002 0.00001 0.99996 0.00002
0.71218 0.00129 0.20423 0.08231
0.24420 0.22361 0.14649 0.38569
0.38569 0.14649 0.22361 0.24420
0.08231 0.20423 0.00129 0.71218
0.00002 0.99996 0.00001 0.00002
0.00002 0.04923 0.00129 0.94947
0.99996 0.00001 0.00001 0.00002
0.00002 0.73996 0.00001 0.26002

>ZNF518B ZNF518B_motif2
0.29513 0.00181 0.68783 0.01523
0.00001 0.00001 0.00001 0.99998
0.86964 0.00503 0.12532 0.00001
0.00001 0.00001 0.99998 0.00001
0.61011 0.00565 0.25233 0.13191
0.24121 0.21531 0.17410 0.36937
0.36937 0.17410 0.21531 0.24121
0.13191 0.25233 0.00565 0.61011
0.00001 0.99998 0.00001 0.00001
0.00001 0.12532 0.00503 0.86964
0.99998 0.00001 0.00001 0.00001
0.01523 0.68783 0.00181 0.29513

>ZNF518B ZNF518B_motif3
0.21515 0.00001 0.78482 0.00002
0.00002 0.00001 0.00069 0.99928
0.94913 0.00274 0.04811 0.00002
0.00002 0.00001 0.99996 0.00002
0.63935 0.00410 0.27073 0.08582
0.23057 0.22492 0.16853 0.37598
0.37598 0.16853 0.22492 0.23057
0.08582 0.27073 0.00410 0.63935
0.00002 0.99996 0.00001 0.00002
0.00002 0.04811 0.00274 0.94913
0.99928 0.00069 0.00001 0.00002
0.00002 0.78482 0.00001 0.21515

>ZNF518B ZNF518B_motif4
0.15630 0.00002 0.84250 0.00117
0.00003 0.00002 0.00002 0.99992
0.98280 0.00002 0.01715 0.00003
0.00003 0.00117 0.99878 0.00003
0.71905 0.00002 0.22267 0.05826
0.23181 0.24083 0.15530 0.37206
0.37206 0.15530 0.24083 0.23181
0.05826 0.22267 0.00002 0.71905
0.00003 0.99878 0.00117 0.00003
0.00003 0.01715 0.00002 0.98280
0.99992 0.00002 0.00002 0.00003
0.00117 0.84250 0.00002 0.15630

>ZNF648 ZNF648_motif1
0.01558 0.93896 0.02987 0.01558
0.01558 0.02987 0.02987 0.92467
0.01558 0.93896 0.02987 0.01558
0.01558 0.93896 0.02987 0.01558
0.01558 0.93896 0.02987 0.01558
0.01558 0.93896 0.02987 0.01558

>ZNF648 ZNF648_motif2
0.01803 0.93652 0.02743 0.01803
0.01803 0.02743 0.02743 0.92712
0.01803 0.93652 0.02743 0.01803
0.01803 0.93652 0.02743 0.01803
0.01803 0.93652 0.02743 0.01803
0.01803 0.93652 0.02743 0.01803

>ZNF648 ZNF648_motif3
0.01790 0.93664 0.02755 0.01790
0.01790 0.02755 0.02755 0.92699
0.01790 0.93664 0.02755 0.01790
0.01790 0.93664 0.02755 0.01790
0.01790 0.93664 0.02755 0.01790
0.01790 0.93664 0.02755 0.01790

>ZNF648 ZNF648_motif4
0.79212 0.05220 0.00071 0.15497
0.00050 0.99828 0.00071 0.00050
0.00050 0.99828 0.00071 0.00050
0.12526 0.03688 0.00071 0.83715
0.00050 0.91504 0.05220 0.03226
0.05199 0.94680 0.00071 0.00050
0.89510 0.10369 0.00071 0.00050
0.00050 0.90383 0.05220 0.04347
0.00050 0.94680 0.00071 0.05199
0.89510 0.05220 0.05220 0.00050
0.00050 0.98005 0.00071 0.01873
0.07424 0.82157 0.00071 0.10348
0.35528 0.10369 0.10369 0.43735
0.05199 0.84382 0.00071 0.10348

