>CAMTA1 YWK_D_AffSeq_G3_CAMTA_f1
0.13328 0.29495 0.33654 0.23523
0.18778 0.39674 0.19670 0.21877
0.19285 0.19449 0.45105 0.16161
0.20660 0.24516 0.24816 0.30008
0.27005 0.13059 0.34007 0.25929
0.22794 0.19772 0.16513 0.40920
0.13187 0.14990 0.26778 0.45045
0.13296 0.09700 0.43682 0.33322
0.19985 0.34247 0.34817 0.10951
0.01787 0.78028 0.03009 0.17176
0.01791 0.02379 0.93755 0.02075
0.03014 0.81278 0.02191 0.13517
0.54735 0.04116 0.36169 0.04980
0.28977 0.11436 0.23493 0.36094
0.06446 0.11958 0.15824 0.65773
0.10617 0.03243 0.69015 0.17125
0.08407 0.62755 0.13128 0.15710
0.27423 0.11641 0.48684 0.12253
0.11517 0.13074 0.58098 0.17312
0.19432 0.27679 0.22720 0.30169

>CAMTA1 YWK_D_AffSeq_G3_CAMTA_f2
0.21801 0.22340 0.34099 0.21760
0.21423 0.23997 0.30180 0.24401
0.27295 0.18099 0.26256 0.28351
0.26009 0.19645 0.23675 0.30671
0.11575 0.27324 0.08783 0.52318
0.18586 0.07232 0.53720 0.20462
0.18990 0.37196 0.31243 0.12571
0.01724 0.75931 0.02879 0.19465
0.01580 0.01990 0.94946 0.01483
0.04096 0.85794 0.02530 0.07581
0.73976 0.05057 0.16117 0.04850
0.31560 0.10184 0.22744 0.35512
0.05744 0.22071 0.13588 0.58598
0.11807 0.05744 0.73015 0.09434
0.08129 0.60226 0.17249 0.14396
0.24451 0.16569 0.49585 0.09394
0.12066 0.17154 0.48256 0.22524
0.22656 0.27649 0.25621 0.24073
0.21515 0.22489 0.25819 0.30176
0.20713 0.23276 0.38578 0.17434

>CAMTA1 YWK_D_AffSeq_G3_CAMTA_f3
0.12530 0.44917 0.22222 0.20331
0.13475 0.33806 0.18912 0.33806
0.08274 0.18676 0.53192 0.19858
0.06619 0.73523 0.18203 0.01655
0.00000 0.75887 0.00000 0.24113
0.00000 0.00000 1.00000 0.00000
0.00000 1.00000 0.00000 0.00000
1.00000 0.00000 0.00000 0.00000
0.06619 0.00000 0.85106 0.08274
0.10875 0.34988 0.01182 0.52955
0.12057 0.24586 0.57447 0.05910
0.10638 0.52719 0.24823 0.11820

>CAMTA1 YWK_D_AffSeq_G3_CAMTA_f4
0.12048 0.18675 0.53614 0.15663
0.07631 0.56024 0.25703 0.10643
0.56627 0.01807 0.34940 0.06627
0.11044 0.83534 0.00602 0.04819
0.01004 0.00000 0.00000 0.98996
0.00201 0.00201 0.99398 0.00201
0.01456 0.96235 0.00653 0.01657
0.19729 0.01657 0.75151 0.03464
0.01857 0.13705 0.80171 0.04267
0.19729 0.60894 0.10894 0.08484
0.40211 0.16516 0.28363 0.14910
0.16516 0.20131 0.49247 0.14106

>CREB3L3 YWC_B_GA40NGGTCA_f1
0.25409 0.27758 0.09590 0.37242
0.21703 0.25982 0.38535 0.13779
0.68352 0.06859 0.16663 0.08125
0.02146 0.92086 0.02712 0.03057
0.03017 0.02490 0.92087 0.02406
0.03062 0.03223 0.02454 0.91261
0.06003 0.07524 0.78469 0.08004
0.11723 0.10273 0.51777 0.26226
0.24453 0.43657 0.09069 0.22820

>CREB3L3 YWC_B_GA40NGGTCA_f2
0.24810 0.17215 0.24810 0.33165
0.15443 0.20759 0.45823 0.17975
0.29873 0.10886 0.46076 0.13165
0.08608 0.26076 0.10633 0.54684
0.06582 0.26582 0.62025 0.04810
0.99747 0.00000 0.00253 0.00000
0.00000 1.00000 0.00000 0.00000
0.00000 0.00000 1.00000 0.00000
0.00000 0.00000 0.00000 1.00000
0.00759 0.00759 0.98228 0.00253
0.01772 0.00506 0.90380 0.07342
0.23165 0.64430 0.03924 0.08481
0.37658 0.25000 0.24241 0.13101

>CREB3L3 YWC_B_GA40NGGTCA_f3
0.22474 0.34003 0.23510 0.20013
0.08711 0.28271 0.24644 0.38374
0.09067 0.05440 0.64378 0.21114
0.10363 0.85363 0.01684 0.02591
0.00389 0.98316 0.00648 0.00648
0.99870 0.00000 0.00000 0.00130
0.00000 1.00000 0.00000 0.00000
0.00000 0.00130 0.99870 0.00000
0.00130 0.00259 0.00130 0.99482
0.06477 0.59715 0.27591 0.06218
0.52591 0.11788 0.24093 0.11528
0.17131 0.41224 0.11172 0.30473
0.17196 0.43491 0.21082 0.18232

>CREB3L3 YWC_B_GA40NGGTCA_f4
0.13082 0.24479 0.27788 0.34651
0.10846 0.08395 0.62194 0.18566
0.10662 0.72917 0.07598 0.08824
0.02083 0.94485 0.03186 0.00245
0.99387 0.00000 0.00000 0.00613
0.00490 0.99387 0.00123 0.00000
0.00000 0.00490 0.99510 0.00000
0.00123 0.01225 0.01593 0.97059
0.09559 0.54044 0.29902 0.06495
0.54167 0.13971 0.18750 0.13113
0.17586 0.41483 0.10600 0.30331
0.19087 0.38205 0.26562 0.16146

>FIZ1 UT380_070__f1
0.16656 0.27543 0.13192 0.42610
0.15549 0.21696 0.45344 0.17411
0.47324 0.11564 0.31267 0.09845
0.35656 0.01797 0.59109 0.03438
0.02018 0.01992 0.02123 0.93866
0.04206 0.00925 0.34171 0.60698
0.02201 0.94218 0.00443 0.03138
0.15275 0.00912 0.79333 0.04480
0.93945 0.02058 0.03177 0.00820
0.84712 0.00482 0.13205 0.01602
0.10236 0.05600 0.04493 0.79672
0.04128 0.44889 0.08165 0.42818
0.19625 0.50345 0.13205 0.16825
0.17672 0.13973 0.13413 0.54942
0.15940 0.10001 0.63902 0.10158
0.13156 0.59269 0.15969 0.11606
0.15507 0.29896 0.35262 0.19335

>FIZ1 UT380_070__f2
0.10906 0.19438 0.06796 0.62860
0.06422 0.20192 0.60844 0.12542
0.52245 0.09672 0.30701 0.07382
0.22470 0.00357 0.76591 0.00581
0.00223 0.00246 0.00179 0.99352
0.02491 0.00145 0.50022 0.47342
0.00134 0.99587 0.00022 0.00257
0.00960 0.00000 0.98883 0.00156
0.99698 0.00056 0.00223 0.00022
0.98291 0.00011 0.01653 0.00045
0.03730 0.00078 0.00123 0.96069
0.00335 0.56143 0.07684 0.35839
0.12173 0.67311 0.16283 0.04233
0.03373 0.03082 0.15010 0.78535
0.03831 0.00994 0.94528 0.00648
0.06760 0.81017 0.06592 0.05632
0.06947 0.13927 0.70293 0.08834

>FIZ1 UT380_070__f3
0.35829 0.00441 0.61156 0.02574
0.01899 0.00014 0.00014 0.98073
0.06838 0.00014 0.42647 0.50501
0.03427 0.95263 0.00014 0.01295
0.21333 0.03425 0.66699 0.08543
0.97823 0.00014 0.01720 0.00443
0.96118 0.00014 0.03851 0.00016
0.08543 0.00441 0.00014 0.91002
0.00443 0.59451 0.06409 0.33697
0.19628 0.63289 0.07688 0.09396
0.09396 0.09394 0.07262 0.73949
0.19201 0.05983 0.72667 0.02148
0.02148 0.89721 0.05130 0.03001
0.14085 0.31137 0.41119 0.13659
0.26875 0.37105 0.14686 0.21333

>FIZ1 UT380_070__f4
0.19253 0.20402 0.33908 0.26437
0.18678 0.36207 0.31609 0.13506
0.04598 0.09770 0.79310 0.06322
0.07184 0.65805 0.06897 0.20115
0.65805 0.09195 0.12356 0.12644
0.12069 0.09770 0.57184 0.20977
0.35058 0.07184 0.57184 0.00575
0.87356 0.00000 0.00000 0.12644
0.00000 0.06897 0.00000 0.93103
0.00000 0.00000 0.00000 1.00000
0.08621 0.66379 0.03448 0.21552
0.01724 0.00000 0.95115 0.03161
0.53736 0.39655 0.00287 0.06322
0.96839 0.00862 0.00000 0.02299
0.02874 0.60345 0.00862 0.35919

>GCM1 PBM1434_f1
0.19606 0.29350 0.28654 0.22390
0.66357 0.17749 0.13225 0.02668
0.01972 0.01508 0.01276 0.95244
0.33295 0.09049 0.57657 0.00000
0.14269 0.61021 0.17285 0.07425
0.03132 0.01508 0.81787 0.13573
0.00000 0.00000 1.00000 0.00000
0.00000 0.00000 1.00000 0.00000
0.09165 0.36311 0.07077 0.47448
0.32483 0.21926 0.23318 0.22274

>GCM1 PBM1434_f2
0.21165 0.27557 0.28835 0.22443
0.73438 0.11932 0.12216 0.02415
0.00284 0.01420 0.00000 0.98295
0.38210 0.05114 0.56676 0.00000
0.11932 0.68324 0.11648 0.08097
0.01562 0.00426 0.87926 0.10085
0.00000 0.00000 1.00000 0.00000
0.00000 0.00000 1.00000 0.00000
0.06392 0.37074 0.04688 0.51847
0.30256 0.22585 0.22017 0.25142

>GCM1 PBM1434_f3
0.57223 0.20378 0.17356 0.05043
0.04896 0.04270 0.02851 0.87984
0.28514 0.19530 0.49322 0.02634
0.20237 0.43181 0.25393 0.11189
0.09906 0.09391 0.63591 0.17112
0.01998 0.02735 0.92560 0.02707
0.01739 0.01832 0.94621 0.01807
0.13086 0.34093 0.13892 0.38929

>GCM1 PBM1434_f4
0.46722 0.10777 0.31639 0.10861
0.01051 0.97442 0.00689 0.00819
0.00935 0.97758 0.00644 0.00663
0.17379 0.67631 0.06716 0.08275
0.09662 0.14829 0.59293 0.16216
0.01069 0.54740 0.15081 0.29110
0.84326 0.02619 0.06391 0.06664
0.05583 0.20759 0.19152 0.54506

>LEUTX YWP_B_AffSeq_H3_LEUTX_F_f1
0.37778 0.20278 0.35278 0.06667
0.19444 0.04444 0.40833 0.35278
0.03056 0.00000 0.96944 0.00000
0.00000 0.00000 0.99722 0.00278
0.99722 0.00278 0.00000 0.00000
0.00000 0.00278 0.00556 0.99167
0.00000 0.00278 0.00833 0.98889
1.00000 0.00000 0.00000 0.00000
0.52222 0.01667 0.15000 0.31111
0.11944 0.50000 0.22500 0.15556
0.18889 0.11389 0.16389 0.53333

>LEUTX YWP_B_AffSeq_H3_LEUTX_F_f2
0.19853 0.29918 0.30398 0.19831
0.22409 0.37347 0.20044 0.20201
0.24801 0.23837 0.35358 0.16004
0.34078 0.21791 0.23843 0.20288
0.17421 0.26646 0.39616 0.16317
0.27909 0.20040 0.12751 0.39300
0.01967 0.01831 0.01759 0.94443
0.94319 0.01742 0.01582 0.02357
0.93373 0.01998 0.02740 0.01889
0.02063 0.02784 0.02375 0.92778
0.02140 0.93848 0.02325 0.01687
0.02605 0.73158 0.13380 0.10857
0.16701 0.39276 0.24479 0.19544
0.13471 0.34468 0.25727 0.26335
0.19949 0.28007 0.25148 0.26896
0.16537 0.28692 0.29630 0.25141
0.25728 0.21504 0.32577 0.20191
0.20461 0.31546 0.26090 0.21902
0.22001 0.30125 0.29248 0.18626
0.18852 0.30025 0.31535 0.19588

>LEUTX YWP_B_AffSeq_H3_LEUTX_F_f3
0.25352 0.28067 0.22869 0.23712
0.26517 0.24261 0.24346 0.24875
0.20133 0.30177 0.24876 0.24814
0.22871 0.25274 0.27898 0.23957
0.24882 0.27766 0.23206 0.24147
0.24240 0.28600 0.21981 0.25180
0.22848 0.33730 0.20916 0.22506
0.28220 0.23894 0.27885 0.20001
0.35708 0.17777 0.23038 0.23477
0.17742 0.22280 0.39175 0.20803
0.33611 0.14533 0.02629 0.49228
0.01900 0.02417 0.01923 0.93760
0.93704 0.01854 0.02337 0.02105
0.93066 0.02270 0.02960 0.01704
0.01999 0.03400 0.03145 0.91456
0.02025 0.94369 0.02118 0.01488
0.01953 0.79083 0.10583 0.08381
0.20137 0.37791 0.21519 0.20554
0.16770 0.31098 0.21359 0.30772
0.22752 0.25406 0.23232 0.28610

>LEUTX YWP_B_AffSeq_H3_LEUTX_F_f4
0.37273 0.14545 0.35909 0.12273
0.21364 0.03182 0.47273 0.28182
0.02727 0.00000 0.96818 0.00455
0.00000 0.00455 0.99545 0.00000
1.00000 0.00000 0.00000 0.00000
0.00000 0.00455 0.00909 0.98636
0.00000 0.00000 0.01818 0.98182
1.00000 0.00000 0.00000 0.00000
0.56364 0.01364 0.13182 0.29091
0.14545 0.47273 0.29545 0.08636
0.16364 0.08182 0.16364 0.59091
0.15455 0.16364 0.37727 0.30455
0.29545 0.10909 0.33636 0.25909
0.20455 0.24545 0.38636 0.16364

>MKX YWK_A_CC40NTGAGT_f1
0.13392 0.53963 0.14203 0.18441
0.55775 0.05334 0.18565 0.20325
0.01351 0.01343 0.01115 0.96192
0.01222 0.01268 0.96236 0.01273
0.02414 0.01354 0.01175 0.95057
0.34260 0.09685 0.03569 0.52486

>MKX YWK_A_CC40NTGAGT_f2
0.14200 0.20200 0.30900 0.34700
0.45900 0.06200 0.14300 0.33600
0.61500 0.12000 0.14000 0.12500
0.09200 0.69000 0.16000 0.05800
0.58000 0.11800 0.14700 0.15500
0.23400 0.20100 0.10700 0.45900
0.15300 0.13100 0.66700 0.04900
0.27100 0.23200 0.27500 0.22300

>MKX YWK_A_CC40NTGAGT_f3
0.14200 0.20200 0.30900 0.34700
0.45900 0.06200 0.14300 0.33600
0.61500 0.12000 0.14000 0.12500
0.09200 0.69000 0.16000 0.05800
0.58000 0.11800 0.14700 0.15500
0.23400 0.20100 0.10700 0.45900
0.15300 0.13100 0.66700 0.04900
0.27100 0.23200 0.27500 0.22300

>MKX YWK_A_CC40NTGAGT_f4
0.21074 0.23857 0.27237 0.27833
0.35189 0.00000 0.03181 0.61630
0.95229 0.04771 0.00000 0.00000
0.00000 1.00000 0.00000 0.00000
1.00000 0.00000 0.00000 0.00000
0.14513 0.19682 0.06759 0.59046
0.22664 0.11730 0.55070 0.10537
0.22465 0.22068 0.22465 0.33002

>MSANTD1 UT380_11_f1
0.32317 0.13694 0.34400 0.19588
0.06892 0.69798 0.13548 0.09762
0.00051 0.04243 0.05615 0.90091
0.00025 0.01956 0.02744 0.95274
1.00000 0.00000 0.00000 0.00000
0.92505 0.02210 0.02388 0.02896
0.00000 0.00000 1.00000 0.00000
0.12221 0.07012 0.04827 0.75940
0.07952 0.13897 0.63745 0.14405
0.15193 0.35493 0.31479 0.17835

>MSANTD1 UT380_11_f2
0.23424 0.40195 0.19262 0.17119
0.06084 0.84773 0.04193 0.04950
0.98487 0.00000 0.00252 0.01261
0.00000 0.99874 0.00126 0.00000
0.00000 0.00000 0.00000 1.00000
0.00000 0.00000 0.00000 1.00000
1.00000 0.00000 0.00000 0.00000
1.00000 0.00000 0.00000 0.00000
0.00000 0.00000 1.00000 0.00000
0.00883 0.01009 0.00000 0.98108
0.06557 0.18789 0.69987 0.04666
0.04666 0.70996 0.15763 0.08575
0.12484 0.51198 0.13367 0.22951
0.23077 0.27112 0.13619 0.36192
0.30580 0.12295 0.03216 0.53909
0.28846 0.23676 0.15731 0.31747

>MSANTD1 UT380_11_f3
0.47988 0.04025 0.34985 0.13003
0.00000 0.91331 0.06502 0.02167
0.00000 0.03096 0.00000 0.96904
0.00000 0.00000 0.00000 1.00000
1.00000 0.00000 0.00000 0.00000
1.00000 0.00000 0.00000 0.00000
0.02786 0.00310 0.96904 0.00000
0.18885 0.05573 0.00000 0.75542
0.13932 0.04954 0.68112 0.13003
0.10526 0.37152 0.33746 0.18576
0.14242 0.32817 0.31579 0.21362

>MSANTD1 UT380_11_f4
0.29024 0.14861 0.30740 0.25376
0.53809 0.04667 0.13466 0.28058
0.33691 0.10515 0.31116 0.24678
0.21888 0.14378 0.51931 0.11803
0.12232 0.20386 0.58369 0.09013
0.04077 0.72961 0.17597 0.05365
0.96352 0.00000 0.00858 0.02790
0.00000 1.00000 0.00000 0.00000
0.00000 0.00000 0.00000 1.00000
0.00000 0.00000 0.00000 1.00000
1.00000 0.00000 0.00000 0.00000
1.00000 0.00000 0.00000 0.00000
0.00000 0.00215 0.99785 0.00000
0.03433 0.01288 0.00644 0.94635
0.09871 0.08584 0.72103 0.09442
0.15397 0.18616 0.37715 0.28273

>MYF6 YWK_D_AffSeq_B12_MYF_f1
0.22624 0.25667 0.29548 0.22160
0.22603 0.30772 0.25143 0.21482
0.24345 0.27689 0.28459 0.19507
0.21650 0.23908 0.32799 0.21643
0.19616 0.29951 0.29719 0.20714
0.29617 0.16806 0.42464 0.11113
0.41334 0.12160 0.15501 0.31005
0.02797 0.90664 0.02779 0.03759
0.85731 0.03045 0.09034 0.02189
0.19975 0.44970 0.30177 0.04879
0.08812 0.77615 0.08600 0.04973
0.03367 0.09648 0.07914 0.79071
0.03757 0.02281 0.91624 0.02338
0.16960 0.13106 0.04004 0.65930
0.01704 0.42235 0.04615 0.51446
0.23520 0.32669 0.31851 0.11960
0.24582 0.32623 0.20145 0.22649
0.21424 0.28089 0.29596 0.20891
0.20113 0.30197 0.27875 0.21815
0.19831 0.26445 0.30749 0.22975

>MYF6 YWK_D_AffSeq_B12_MYF_f2
0.00000 1.00000 0.00000 0.00000
0.88406 0.00000 0.11594 0.00000
0.03345 0.33779 0.62207 0.00669
0.00000 0.96098 0.01895 0.02007
0.00000 0.00000 0.00000 1.00000
0.00000 0.00000 1.00000 0.00000
0.01003 0.54961 0.02899 0.41137
0.03010 0.43590 0.07804 0.45596
0.19398 0.35786 0.27090 0.17726
0.07581 0.49164 0.22631 0.20624
0.12375 0.39242 0.25195 0.23188

>MYF6 YWK_D_AffSeq_B12_MYF_f3
0.24295 0.22126 0.40998 0.12581
0.21692 0.20173 0.50325 0.07809
0.13449 0.29935 0.36226 0.20391
0.49458 0.09761 0.40347 0.00434
0.45987 0.03037 0.50976 0.00000
0.00000 1.00000 0.00000 0.00000
1.00000 0.00000 0.00000 0.00000
0.02169 0.00868 0.96963 0.00000
0.01735 0.65727 0.30803 0.01735
0.00434 0.11497 0.00000 0.88069
0.00000 0.00000 1.00000 0.00000

>MYF6 YWK_D_AffSeq_B12_MYF_f4
0.29058 0.06012 0.45892 0.19038
0.07014 0.27054 0.44890 0.21042
0.69539 0.02204 0.27455 0.00802
0.84569 0.00401 0.08818 0.06212
0.00000 1.00000 0.00000 0.00000
1.00000 0.00000 0.00000 0.00000
0.00000 0.02204 0.94389 0.03407
0.00401 0.40281 0.51503 0.07816
0.00000 0.00000 0.00000 1.00000
0.00000 0.00000 1.00000 0.00000
0.35872 0.06212 0.07214 0.50701
0.02004 0.49098 0.14228 0.34669

>MYPOP YWN_A_CC40NTGAGT_f1
0.25372 0.24142 0.26084 0.24401
0.25934 0.12627 0.15006 0.46433
0.04557 0.12164 0.08898 0.74381
0.41194 0.05273 0.03662 0.49872
0.07864 0.04789 0.83483 0.03864
0.00557 0.97635 0.00642 0.01166
0.12573 0.02678 0.83987 0.00763
0.08881 0.64994 0.03196 0.22928
0.23238 0.33016 0.19111 0.24635
0.30115 0.19693 0.26726 0.23465
0.27075 0.21328 0.20626 0.30971
0.29223 0.20552 0.23764 0.26461

>MYPOP YWN_A_CC40NTGAGT_f2
0.17620 0.04137 0.70588 0.07654
0.01995 0.87751 0.01711 0.08543
0.00874 0.00361 0.98052 0.00712
0.04140 0.83069 0.02597 0.10193
0.47061 0.02802 0.03084 0.47053
0.72103 0.07634 0.14906 0.05357
0.40472 0.14531 0.16705 0.28292

>MYPOP YWN_A_CC40NTGAGT_f3
0.20637 0.30238 0.27804 0.21321
0.21063 0.30070 0.27561 0.21307
0.22780 0.30874 0.24139 0.22207
0.26851 0.27618 0.22130 0.23401
0.29546 0.24123 0.23470 0.22861
0.32318 0.23354 0.21247 0.23081
0.27281 0.23090 0.23972 0.25657
0.28235 0.14117 0.17149 0.40499
0.09483 0.17914 0.04147 0.68456
0.39083 0.08776 0.06357 0.45784
0.06365 0.04678 0.82721 0.06236
0.02005 0.94969 0.01370 0.01656
0.12933 0.04177 0.77526 0.05364
0.07695 0.59196 0.04954 0.28156
0.26128 0.27820 0.18836 0.27216
0.31783 0.20006 0.24547 0.23664
0.28208 0.21331 0.20035 0.30427
0.27376 0.21804 0.25191 0.25629
0.22898 0.23226 0.28589 0.25287
0.18974 0.32581 0.24207 0.24238

>MYPOP YWN_A_CC40NTGAGT_f4
0.26922 0.22677 0.23556 0.26845
0.29989 0.20639 0.23907 0.25466
0.24237 0.25534 0.21641 0.28588
0.25065 0.18117 0.34068 0.22749
0.28109 0.05838 0.50088 0.15966
0.12049 0.52932 0.16076 0.18943
0.14396 0.09854 0.66189 0.09562
0.11711 0.50813 0.22088 0.15387
0.38942 0.10717 0.18294 0.32048
0.51835 0.15229 0.21507 0.11429
0.39168 0.17068 0.20678 0.23085
0.24109 0.25872 0.25795 0.24224

>PRDM13 YWP_B_AffSeq_C12_PRDM13_DB_f1
0.25245 0.26578 0.27792 0.20385
0.21985 0.30848 0.23383 0.23784
0.22032 0.30106 0.25479 0.22383
0.26994 0.24146 0.21999 0.26861
0.17997 0.22076 0.29723 0.30205
0.25862 0.21135 0.46980 0.06023
0.10873 0.64811 0.09704 0.14613
0.05066 0.80817 0.07449 0.06669
0.86204 0.03728 0.07121 0.02947
0.04088 0.89497 0.02819 0.03596
0.02910 0.85522 0.07332 0.04236
0.25593 0.16650 0.15133 0.42623
0.05595 0.01878 0.89106 0.03421
0.04990 0.55313 0.04765 0.34931
0.25348 0.26329 0.11411 0.36912
0.28747 0.28383 0.30854 0.12017
0.23462 0.30541 0.26833 0.19164
0.23741 0.26321 0.27288 0.22650
0.24752 0.23109 0.28824 0.23315
0.24395 0.30231 0.22680 0.22695

>PRDM13 YWP_B_AffSeq_C12_PRDM13_DB_f2
0.27854 0.31802 0.21660 0.18683
0.18931 0.35948 0.23692 0.21429
0.19091 0.28882 0.33882 0.18145
0.18563 0.30782 0.28510 0.22145
0.23288 0.28613 0.28311 0.19788
0.24186 0.28767 0.24661 0.22385
0.18447 0.25195 0.28504 0.27854
0.30590 0.21571 0.41305 0.06534
0.13712 0.56107 0.18514 0.11666
0.05738 0.70661 0.09558 0.14044
0.86831 0.03166 0.07470 0.02533
0.04341 0.89186 0.02524 0.03949
0.03312 0.84005 0.07536 0.05147
0.31396 0.10946 0.12370 0.45287
0.05719 0.02297 0.87500 0.04485
0.05686 0.57292 0.04599 0.32423
0.24327 0.29470 0.15945 0.30258
0.24960 0.26818 0.32907 0.15315
0.22899 0.30147 0.29818 0.17136
0.26024 0.25065 0.26640 0.22271

>PRDM13 YWP_B_AffSeq_C12_PRDM13_DB_f3
0.19533 0.36537 0.26350 0.17580
0.23236 0.21308 0.29313 0.26144
0.11674 0.21514 0.34561 0.32250
0.20906 0.15095 0.59898 0.04101
0.07355 0.79537 0.04024 0.09084
0.04705 0.76933 0.12265 0.06098
0.83383 0.04353 0.09212 0.03052
0.04929 0.87904 0.03018 0.04149
0.04049 0.81358 0.08652 0.05941
0.23022 0.13194 0.14024 0.49761
0.06990 0.03452 0.84201 0.05358
0.06190 0.60301 0.04430 0.29080
0.23166 0.19876 0.10460 0.46498
0.28041 0.26529 0.34635 0.10796
0.23245 0.30652 0.25662 0.20440
0.18777 0.29765 0.30857 0.20601
0.24592 0.25689 0.27595 0.22125
0.20809 0.34871 0.27379 0.16941
0.19668 0.34295 0.23904 0.22133
0.16086 0.35588 0.26498 0.21828

>PRDM13 YWP_B_AffSeq_C12_PRDM13_DB_f4
0.35799 0.11866 0.25472 0.26863
0.37754 0.08332 0.44293 0.09621
0.03447 0.85133 0.02021 0.09398
0.44304 0.10483 0.12237 0.32976
0.08200 0.07018 0.76886 0.07897
0.06772 0.04658 0.81676 0.06895
0.04429 0.07039 0.04150 0.84382
0.18400 0.08774 0.64514 0.08312
0.12371 0.20987 0.49696 0.16946
0.09627 0.43140 0.21884 0.25350

>SALL3 YWK_B_AffSeq_A1_SALL_f1
0.52834 0.20850 0.08097 0.18219
0.55061 0.09109 0.04858 0.30972
0.28745 0.10324 0.02834 0.58097
0.60324 0.05263 0.05263 0.29150
0.31377 0.04453 0.01215 0.62955
0.19838 0.20648 0.08300 0.51215
0.61741 0.16194 0.04858 0.17206
0.47976 0.06275 0.05870 0.39879
0.42510 0.03441 0.05466 0.48583
0.61538 0.01417 0.04858 0.32186
0.42105 0.00202 0.01619 0.56073
0.02227 0.03644 0.04049 0.90081
0.14575 0.84008 0.01417 0.00000
0.99798 0.00202 0.00000 0.00000
0.00202 0.00000 0.00202 0.99595
0.98583 0.00810 0.00607 0.00000
0.43927 0.00405 0.00000 0.55668
0.02429 0.31579 0.03036 0.62955
0.34615 0.18826 0.01215 0.45344
0.43927 0.21862 0.08502 0.25709
0.46154 0.09514 0.02632 0.41700

>SALL3 YWK_B_AffSeq_A1_SALL_f2
0.30576 0.11687 0.23787 0.33950
0.24575 0.13305 0.24952 0.37168
0.31642 0.20606 0.24451 0.23302
0.31250 0.20639 0.23085 0.25026
0.26115 0.24614 0.21437 0.27835
0.33995 0.15583 0.19377 0.31045
0.23063 0.20367 0.20075 0.36496
0.34110 0.16027 0.24373 0.25490
0.25525 0.23906 0.20771 0.29799
0.22742 0.17310 0.27701 0.32247
0.36316 0.15005 0.26829 0.21850
0.44129 0.12082 0.36012 0.07777
0.36565 0.09520 0.09682 0.44233
0.06480 0.09216 0.10279 0.74025
0.75605 0.09317 0.09073 0.06004
0.05579 0.16403 0.09117 0.68901
0.03829 0.11228 0.64613 0.20330
0.53464 0.15893 0.17047 0.13597
0.46253 0.09788 0.09592 0.34367
0.28316 0.18515 0.10818 0.42351

>SALL3 YWK_B_AffSeq_A1_SALL_f3
0.49848 0.14863 0.12235 0.23054
0.51972 0.06168 0.05865 0.35996
0.31041 0.07988 0.05662 0.55308
0.57634 0.04146 0.09403 0.28817
0.28817 0.07078 0.02427 0.61678
0.22952 0.21234 0.07179 0.48635
0.63701 0.14459 0.07786 0.14055
0.49141 0.05157 0.01921 0.43782
0.46714 0.01618 0.01820 0.49848
0.59960 0.01314 0.02831 0.35895
0.35389 0.00202 0.01314 0.63094
0.02730 0.01921 0.02932 0.92417
0.23458 0.76138 0.00404 0.00000
0.99697 0.00202 0.00000 0.00101
0.00000 0.00000 0.00000 1.00000
0.98584 0.01112 0.00202 0.00101
0.47118 0.00708 0.00303 0.51871
0.05056 0.28109 0.06876 0.59960
0.30233 0.17796 0.03539 0.48433

>SALL3 YWK_B_AffSeq_A1_SALL_f4
0.50810 0.07287 0.06275 0.35628
0.39069 0.04251 0.08704 0.47976
0.19028 0.07490 0.22267 0.51215
0.51012 0.01417 0.19231 0.28340
0.69028 0.03441 0.25709 0.01822
0.55668 0.00000 0.00000 0.44332
0.00000 0.00000 0.00607 0.99393
1.00000 0.00000 0.00000 0.00000
0.00000 0.00000 0.00000 1.00000
0.00000 0.00000 0.84413 0.15587
0.96154 0.01012 0.00000 0.02834
0.54453 0.00607 0.00405 0.44534
0.39271 0.01215 0.00202 0.59312
0.47571 0.03644 0.02227 0.46559
0.30364 0.04453 0.08502 0.56680

>SP140L UT380_204__f1
0.30836 0.18474 0.20811 0.29879
0.30980 0.16578 0.21546 0.30896
0.26491 0.23112 0.19165 0.31232
0.21112 0.24979 0.20011 0.33898
0.21070 0.26951 0.17280 0.34699
0.59119 0.14124 0.15051 0.11706
0.07504 0.81798 0.04852 0.05846
0.06848 0.05777 0.79499 0.07876
0.22924 0.20883 0.17738 0.38455
0.18662 0.38347 0.20376 0.22615
0.37924 0.14127 0.25455 0.22494
0.28996 0.26995 0.20446 0.23563

>SP140L UT380_204__f2
0.23808 0.20044 0.26443 0.29705
0.22078 0.25552 0.13100 0.39270
0.22561 0.19903 0.39263 0.18272
0.39826 0.17253 0.20289 0.22633
0.06309 0.83927 0.04273 0.05492
0.04566 0.03743 0.85702 0.05989
0.10705 0.14337 0.12889 0.62070
0.35536 0.16961 0.27253 0.20250
0.34549 0.19716 0.24969 0.20766
0.31462 0.19146 0.23106 0.26286
0.31492 0.21025 0.16204 0.31279
0.30259 0.20389 0.18260 0.31092

>SP140L UT380_204__f3
0.27283 0.15976 0.25816 0.30925
0.14789 0.30264 0.09283 0.45664
0.23583 0.16833 0.43331 0.16254
0.48254 0.13298 0.15904 0.22545
0.00425 0.98310 0.00312 0.00953
0.00644 0.00539 0.98221 0.00595
0.07457 0.11230 0.05698 0.75615
0.37966 0.15878 0.30432 0.15725
0.35863 0.20858 0.23682 0.19597
0.27463 0.23568 0.23582 0.25388
0.28084 0.21497 0.21071 0.29348
0.27406 0.21983 0.19887 0.30724

>SP140L UT380_204__f4
0.25244 0.26222 0.23544 0.24989
0.28378 0.22279 0.24354 0.24989
0.31564 0.20234 0.21028 0.27174
0.29824 0.19799 0.22525 0.27852
0.26287 0.22152 0.22152 0.29409
0.19218 0.26027 0.16438 0.38316
0.19052 0.28577 0.19010 0.33361
0.66029 0.08870 0.16232 0.08870
0.02164 0.88514 0.01617 0.07705
0.05823 0.00979 0.87249 0.05949
0.24880 0.18091 0.16773 0.40256
0.20346 0.40451 0.18413 0.20790

>TPRX1 YWL_A_CT40NCGGAG_f1
0.17115 0.09842 0.10430 0.62612
0.46148 0.08169 0.22143 0.23540
0.79433 0.11204 0.08986 0.00378
0.06764 0.06877 0.27508 0.58850
0.07041 0.62671 0.15023 0.15266
0.16023 0.39372 0.21981 0.22625
0.17951 0.24323 0.31653 0.26072
0.28234 0.23515 0.20438 0.27813
0.24012 0.19522 0.20264 0.36203
0.25578 0.21876 0.21750 0.30795
0.30960 0.21820 0.22704 0.24516
0.24460 0.22594 0.25265 0.27681

>TPRX1 YWL_A_CT40NCGGAG_f2
0.28889 0.24646 0.21263 0.25202
0.24788 0.21205 0.20209 0.33798
0.32919 0.20139 0.20587 0.26355
0.40335 0.17990 0.17656 0.24019
0.28457 0.18522 0.22866 0.30155
0.26355 0.33399 0.23744 0.16502
0.22651 0.19953 0.43395 0.14000
0.12180 0.10306 0.71268 0.06246
0.68155 0.24312 0.02269 0.05263
0.00188 0.02534 0.01529 0.95749
0.21509 0.20538 0.04854 0.53099
0.73501 0.04946 0.06024 0.15529

>TPRX1 YWL_A_CT40NCGGAG_f3
0.37954 0.17166 0.19617 0.25264
0.48591 0.15048 0.14226 0.22135
0.25527 0.16508 0.22123 0.35842
0.22947 0.41460 0.21669 0.13924
0.19555 0.23706 0.45705 0.11034
0.05116 0.08635 0.79956 0.06294
0.71847 0.19418 0.02900 0.05835
0.00773 0.00853 0.00777 0.97597
0.16027 0.20429 0.05329 0.58215
0.77143 0.03686 0.06811 0.12361
0.24404 0.19758 0.26767 0.29071
0.18213 0.35072 0.28826 0.17889

>TPRX1 YWL_A_CT40NCGGAG_f4
0.19278 0.27750 0.33435 0.19537
0.29391 0.25946 0.19430 0.25232
0.14427 0.05840 0.02105 0.77628
0.58804 0.05713 0.20093 0.15391
0.93463 0.01306 0.01192 0.04038
0.06677 0.01439 0.19058 0.72826
0.05127 0.83267 0.06860 0.04747
0.10572 0.44887 0.22974 0.21567
0.15079 0.21965 0.38844 0.24112
0.36709 0.21553 0.15820 0.25918
0.22943 0.14234 0.14585 0.48237
0.25446 0.19224 0.17359 0.37971

>USF3 THC_075_f1
0.24881 0.20000 0.47024 0.08095
0.20595 0.28571 0.41905 0.08929
0.12500 0.52262 0.17857 0.17381
0.03095 0.96905 0.00000 0.00000
0.99167 0.00000 0.00833 0.00000
0.00000 1.00000 0.00000 0.00000
0.00000 0.00000 1.00000 0.00000
0.04167 0.04167 0.00000 0.91667
0.00000 0.00000 0.98571 0.01429
0.02619 0.02500 0.93333 0.01548
0.08452 0.11905 0.71310 0.08333

>USF3 THC_075_f2
0.21429 0.66071 0.10119 0.02381
0.00000 0.96429 0.00595 0.02976
0.00000 1.00000 0.00000 0.00000
1.00000 0.00000 0.00000 0.00000
0.00000 1.00000 0.00000 0.00000
0.00000 0.00595 0.99405 0.00000
0.00595 0.00000 0.00000 0.99405
0.00000 0.00000 1.00000 0.00000
0.24405 0.06548 0.52976 0.16071
0.04762 0.41667 0.20238 0.33333
0.08333 0.56548 0.15476 0.19643
0.23214 0.36905 0.11905 0.27976

>USF3 THC_075_f3
0.14400 0.23600 0.34700 0.27300
0.19700 0.18100 0.36100 0.26100
0.24100 0.31900 0.29700 0.14300
0.34000 0.61200 0.04800 0.00000
0.00200 0.98000 0.00100 0.01700
0.00000 0.99800 0.00200 0.00000
0.99900 0.00000 0.00100 0.00000
0.00100 0.99100 0.00000 0.00800
0.00100 0.00100 0.99700 0.00100
0.00100 0.00000 0.00000 0.99900
0.00100 0.00000 0.99900 0.00000
0.31900 0.01400 0.59400 0.07300
0.01100 0.46200 0.24200 0.28500
0.10800 0.64400 0.07800 0.17000
0.15900 0.41400 0.11800 0.30900

>USF3 THC_075_f4
0.24492 0.23137 0.27841 0.24530
0.25283 0.20494 0.34249 0.19973
0.27571 0.29710 0.29881 0.12838
0.18416 0.33424 0.13358 0.34802
0.03059 0.87054 0.04657 0.05230
0.76861 0.04661 0.14581 0.03897
0.02160 0.93915 0.01465 0.02459
0.02401 0.01221 0.94870 0.01508
0.01928 0.09999 0.03965 0.84108
0.06448 0.08453 0.81986 0.03113
0.18459 0.09750 0.60316 0.11475
0.07836 0.20018 0.36738 0.35407
0.24080 0.25454 0.24908 0.25558
0.21951 0.29982 0.20184 0.27883
0.26489 0.28129 0.26377 0.19004
0.24752 0.26880 0.26697 0.21671
0.23525 0.25337 0.28838 0.22300
0.24425 0.24796 0.27021 0.23758
0.23794 0.26109 0.27229 0.22868
0.23490 0.25276 0.26348 0.24886

>ZBED2 YWN_B_AffSeq_G11_ZBED2_F_f1
0.31391 0.33281 0.19559 0.15770
0.04045 0.86006 0.05125 0.04824
0.04296 0.04504 0.86304 0.04897
0.72081 0.08916 0.08497 0.10506
0.73105 0.07397 0.07045 0.12453
0.44851 0.30642 0.10300 0.14208
0.09676 0.64370 0.16211 0.09743
0.10982 0.36394 0.17725 0.34900

>ZBED2 YWN_B_AffSeq_G11_ZBED2_F_f2
0.18825 0.29014 0.21573 0.30588
0.27308 0.30043 0.19873 0.22776
0.20177 0.30979 0.23829 0.25015
0.28261 0.32091 0.23754 0.15894
0.17022 0.32813 0.22706 0.27458
0.33031 0.33219 0.17376 0.16375
0.00561 0.98102 0.00738 0.00599
0.00540 0.00622 0.97936 0.00903
0.90861 0.02423 0.03250 0.03466
0.89886 0.02689 0.02278 0.05146
0.52721 0.35632 0.05392 0.06255
0.02516 0.86878 0.07329 0.03276
0.04967 0.42794 0.18953 0.33287
0.30279 0.17342 0.29873 0.22506
0.28427 0.27831 0.21200 0.22541
0.24914 0.28175 0.30352 0.16559
0.14907 0.38158 0.32604 0.14331
0.17815 0.25376 0.39085 0.17724
0.32668 0.25584 0.27606 0.14143
0.25584 0.27187 0.28983 0.18245

>ZBED2 YWN_B_AffSeq_G11_ZBED2_F_f3
0.17143 0.29481 0.26390 0.26986
0.17462 0.24019 0.28064 0.30455
0.17819 0.35038 0.24558 0.22585
0.15040 0.31102 0.35928 0.17929
0.15288 0.32357 0.29030 0.23325
0.22695 0.24354 0.26384 0.26567
0.24178 0.27611 0.18911 0.29300
0.32378 0.26580 0.35256 0.05786
0.02777 0.13149 0.80539 0.03534
0.09487 0.05603 0.35987 0.48923
0.03436 0.01202 0.01976 0.93386
0.02670 0.03484 0.01723 0.92123
0.00719 0.98299 0.00558 0.00424
0.00458 0.00565 0.98484 0.00493
0.21640 0.21144 0.29670 0.27546
0.25517 0.24166 0.32624 0.17693
0.16198 0.26059 0.28867 0.28876
0.29930 0.20220 0.30862 0.18989
0.20879 0.23923 0.28741 0.26456
0.27181 0.21660 0.27803 0.23355

>ZBED2 YWN_B_AffSeq_G11_ZBED2_F_f4
0.40594 0.33663 0.11881 0.13861
0.02970 0.96040 0.00000 0.00990
0.00000 0.00000 0.98020 0.01980
0.93069 0.00990 0.05941 0.00000
0.97030 0.00990 0.00000 0.01980
0.60396 0.23762 0.12871 0.02970
0.00000 0.84158 0.09901 0.05941
0.09901 0.32673 0.00000 0.57426

>ZBED5 THC_027_f1
0.13507 0.20658 0.39047 0.26788
0.09535 0.24064 0.51759 0.14642
0.16572 0.41771 0.22134 0.19523
0.09762 0.41544 0.26674 0.22020
0.05108 0.60840 0.19864 0.14188
0.08740 0.57321 0.17594 0.16345
0.23269 0.26334 0.38593 0.11805
0.17253 0.40522 0.26901 0.15324
0.00000 0.00000 1.00000 0.00000
0.00113 0.00000 0.97389 0.02497
0.57775 0.24631 0.11918 0.05675
0.98070 0.00000 0.01135 0.00795
0.00000 1.00000 0.00000 0.00000
0.07832 0.92168 0.00000 0.00000
0.01135 0.90579 0.02611 0.05675

>ZBED5 THC_027_f2
0.10178 0.35882 0.32792 0.21147
0.12819 0.35091 0.39871 0.12219
0.20893 0.18070 0.24201 0.36836
0.14285 0.27272 0.15637 0.42807
0.12895 0.53594 0.13740 0.19771
0.19496 0.42622 0.22033 0.15850
0.32463 0.21688 0.37396 0.08453
0.06644 0.82637 0.05551 0.05169
0.04524 0.03525 0.90211 0.01741
0.08693 0.05871 0.67200 0.18235
0.45797 0.28664 0.09320 0.16218
0.77433 0.06326 0.09250 0.06991
0.07189 0.81720 0.05520 0.05571
0.10678 0.65998 0.18525 0.04799
0.15552 0.63778 0.14855 0.05815
0.07151 0.47616 0.12313 0.32920
0.21570 0.24058 0.24805 0.29567
0.32862 0.23401 0.24374 0.19363
0.14238 0.30365 0.33969 0.21427
0.26499 0.25157 0.31295 0.17049

>ZBED5 THC_027_f3
0.28687 0.03743 0.65696 0.01874
0.00025 0.00042 0.99908 0.00025
0.00025 0.00042 0.93439 0.06495
0.00025 0.00042 0.99908 0.00025
0.00025 0.00042 0.00042 0.99892
0.03722 0.00042 0.31467 0.64769
0.01874 0.98060 0.00042 0.00025
0.00025 0.98984 0.00042 0.00949
0.08343 0.07442 0.79568 0.04646
0.04646 0.47212 0.17606 0.30536
0.09267 0.02814 0.85121 0.02798
0.07423 0.04663 0.81419 0.06495
0.34240 0.28718 0.33320 0.03722
0.35152 0.17602 0.28718 0.18528

>ZBED5 THC_027_f4
0.28687 0.03743 0.65696 0.01874
0.00025 0.00042 0.99908 0.00025
0.00025 0.00042 0.93439 0.06495
0.00025 0.00042 0.99908 0.00025
0.00025 0.00042 0.00042 0.99892
0.03722 0.00042 0.31467 0.64769
0.01874 0.98060 0.00042 0.00025
0.00025 0.98984 0.00042 0.00949
0.08343 0.07442 0.79568 0.04646
0.04646 0.47212 0.17606 0.30536
0.09267 0.02814 0.85121 0.02798
0.07423 0.04663 0.81419 0.06495
0.34240 0.28718 0.33320 0.03722
0.35152 0.17602 0.28718 0.18528

>ZBTB47 YWQ_A_GC40NTATAG_f1
0.01103 0.00010 0.98877 0.00010
0.00010 0.00010 1.00000 0.00010
0.13342 0.55957 0.19153 0.11536
0.48657 0.37915 0.11938 0.01505
0.50977 0.29688 0.04312 0.15039
0.16956 0.31299 0.30396 0.21362
0.00010 0.18762 0.39526 0.41724
0.99219 0.00401 0.00100 0.00301
1.00000 0.00010 0.00010 0.00010
0.98291 0.00010 0.01505 0.00201
0.00010 0.00010 1.00000 0.00010
0.00301 0.00010 0.99707 0.00010
0.00010 0.00010 1.00000 0.00010
0.00010 0.00010 0.00010 1.00000
0.00010 0.00010 0.00502 0.99512
0.99805 0.00100 0.00010 0.00100
1.00000 0.00010 0.00010 0.00010
0.26782 0.13037 0.02007 0.58154
0.21765 0.15247 0.21863 0.41113
0.18652 0.19763 0.31396 0.30200
0.17249 0.23364 0.35205 0.24170
0.20264 0.26978 0.33105 0.19653
0.23267 0.24878 0.34009 0.17859
0.21265 0.26367 0.22974 0.29395
0.17456 0.23364 0.32788 0.26367
0.18762 0.24670 0.36108 0.20459

>ZBTB47 YWQ_A_GC40NTATAG_f2
0.21664 0.37947 0.18272 0.22117
0.20816 0.52521 0.17922 0.08740
0.57576 0.06106 0.29444 0.06875
0.00045 0.00136 0.00045 0.99774
0.00000 0.00000 0.00045 0.99955
1.00000 0.00000 0.00000 0.00000
1.00000 0.00000 0.00000 0.00000
0.00000 1.00000 0.00000 0.00000
0.00045 0.99910 0.00000 0.00045
0.00045 0.99955 0.00000 0.00000
0.01221 0.09950 0.00452 0.88376
0.00407 0.00724 0.00317 0.98553
0.05518 0.09408 0.03256 0.81818
0.26278 0.67390 0.06061 0.00271
0.44867 0.19900 0.27001 0.08232
0.13840 0.23428 0.16961 0.45771
0.07282 0.28810 0.25735 0.38173
0.28991 0.21031 0.37268 0.12709
0.05201 0.88512 0.01900 0.04387
0.07417 0.73406 0.03844 0.15332
0.30258 0.10674 0.47083 0.11986
0.18374 0.27917 0.24661 0.29048

>ZBTB47 YWQ_A_GC40NTATAG_f3
0.30230 0.25030 0.25148 0.19592
0.14480 0.42967 0.13180 0.29374
0.15485 0.04965 0.70095 0.09456
0.04728 0.03310 0.85225 0.06738
0.14539 0.32624 0.22813 0.30024
0.35579 0.25296 0.31087 0.08038
0.47991 0.14657 0.22459 0.14894
0.07683 0.25177 0.19504 0.47636
0.00118 0.05083 0.66548 0.28251
0.81915 0.02246 0.09338 0.06501
0.98582 0.00591 0.00473 0.00355
0.89007 0.00473 0.09338 0.01182
0.00000 0.00000 0.99882 0.00118
0.00000 0.00000 1.00000 0.00000
0.00000 0.00000 1.00000 0.00000
0.00000 0.00000 0.00000 1.00000
0.00000 0.00000 0.00000 1.00000
0.99882 0.00118 0.00000 0.00000
0.99764 0.00000 0.00236 0.00000
0.06856 0.29314 0.05792 0.58038
0.08067 0.17760 0.53930 0.20242
0.22665 0.16519 0.37796 0.23020

>ZBTB47 YWQ_A_GC40NTATAG_f4
0.10840 0.48982 0.08158 0.32019
0.13072 0.03223 0.78265 0.05440
0.03604 0.01771 0.90358 0.04267
0.14053 0.38650 0.21127 0.26170
0.40317 0.23778 0.28397 0.07508
0.44200 0.17968 0.22804 0.15027
0.08523 0.26150 0.25135 0.40193
0.00507 0.07954 0.64571 0.26968
0.79681 0.03946 0.10449 0.05924
0.97877 0.00207 0.00880 0.01036
0.83751 0.00797 0.13339 0.02113
0.00052 0.00124 0.99513 0.00311
0.00280 0.00031 0.99617 0.00072
0.00031 0.00000 0.99959 0.00010
0.00000 0.00010 0.00000 0.99990
0.00000 0.00031 0.00021 0.99948
0.99938 0.00000 0.00021 0.00041
0.99720 0.00135 0.00072 0.00072
0.08756 0.27739 0.06519 0.56985
0.11718 0.16441 0.49881 0.21960

>ZFTA YWM_A_AA40NGTGGT_f1
0.11605 0.26236 0.06012 0.56147
0.02131 0.04993 0.80868 0.12008
0.01608 0.00770 0.14994 0.82628
0.00000 0.00698 0.99302 0.00000
0.00468 0.00546 0.96229 0.02756
0.00630 0.95141 0.03342 0.00887
0.00515 0.97716 0.00000 0.01769
0.00000 0.99209 0.00429 0.00362
0.01054 0.64474 0.04852 0.29619
0.14564 0.30100 0.10605 0.44731
0.26849 0.25352 0.32910 0.14890

>ZFTA YWM_A_AA40NGTGGT_f2
0.14800 0.35109 0.19340 0.30751
0.12167 0.31588 0.24284 0.31961
0.54954 0.06265 0.27300 0.11481
0.37500 0.02058 0.60311 0.00131
0.00000 0.00000 1.00000 0.00000
0.00060 0.00000 0.99940 0.00000
0.00000 0.00081 0.99919 0.00000
0.00000 1.00000 0.00000 0.00000
0.00000 1.00000 0.00000 0.00000
0.93513 0.06356 0.00000 0.00131
0.04520 0.94713 0.00242 0.00525
0.59998 0.02976 0.25968 0.11057

>ZFTA YWM_A_AA40NGTGGT_f3
0.41000 0.08800 0.34900 0.15200
0.48900 0.03100 0.47700 0.00300
0.00100 0.00100 0.99700 0.00100
0.00600 0.00100 0.99200 0.00100
0.00100 0.00800 0.99000 0.00100
0.00400 0.99300 0.00100 0.00200
0.00100 0.99700 0.00100 0.00100
0.87300 0.11100 0.00200 0.01400
0.10800 0.86400 0.01400 0.01400
0.40500 0.04700 0.35900 0.18900

>ZFTA YWM_A_AA40NGTGGT_f4
0.41000 0.08800 0.34900 0.15200
0.48900 0.03100 0.47700 0.00300
0.00100 0.00100 0.99700 0.00100
0.00600 0.00100 0.99200 0.00100
0.00100 0.00800 0.99000 0.00100
0.00400 0.99300 0.00100 0.00200
0.00100 0.99700 0.00100 0.00100
0.87300 0.11100 0.00200 0.01400
0.10800 0.86400 0.01400 0.01400
0.40500 0.04700 0.35900 0.18900

>ZNF20 YWR_B_AffSeq_B1_ZNF20_F_f1
0.22286 0.30407 0.24868 0.22439
0.35985 0.26287 0.22185 0.15542
0.38081 0.34961 0.08661 0.18297
0.06248 0.03162 0.87513 0.03076
0.03869 0.06077 0.04840 0.85213
0.78783 0.05087 0.12316 0.03815
0.03091 0.79240 0.04480 0.13189
0.24872 0.07513 0.37926 0.29689
0.04677 0.71542 0.05432 0.18349
0.20540 0.07749 0.32416 0.39295
0.07234 0.69394 0.17724 0.05648
0.05441 0.67469 0.14398 0.12692
0.19448 0.14980 0.29544 0.36029
0.26617 0.36160 0.24412 0.12811
0.30613 0.28650 0.18250 0.22487
0.26072 0.19378 0.32189 0.22361
0.48735 0.19438 0.19614 0.12213
0.20620 0.22808 0.42019 0.14553
0.18996 0.28409 0.27040 0.25555
0.23011 0.22148 0.36620 0.18221

>ZNF20 YWR_B_AffSeq_B1_ZNF20_F_f2
0.15865 0.35617 0.22745 0.25773
0.24406 0.27493 0.30575 0.17526
0.12645 0.43897 0.24330 0.19128
0.11146 0.21404 0.22121 0.45329
0.21173 0.34967 0.18975 0.24886
0.21508 0.17740 0.30956 0.29796
0.11056 0.27127 0.37902 0.23915
0.32273 0.35684 0.16596 0.15447
0.08728 0.31257 0.52582 0.07433
0.04343 0.11514 0.78932 0.05211
0.34232 0.37323 0.05307 0.23139
0.16362 0.04213 0.75172 0.04253
0.27646 0.44455 0.04887 0.23012
0.09944 0.03780 0.83954 0.02322
0.04130 0.13081 0.05298 0.77491
0.79834 0.04399 0.12621 0.03147
0.02790 0.89435 0.02995 0.04779
0.17460 0.05916 0.37753 0.38872
0.14752 0.23502 0.24768 0.36977
0.22221 0.25659 0.32905 0.19215

>ZNF20 YWR_B_AffSeq_B1_ZNF20_F_f3
0.21903 0.35734 0.21417 0.20945
0.16247 0.22860 0.20154 0.40739
0.22602 0.30524 0.19955 0.26919
0.22870 0.18865 0.29971 0.28294
0.16352 0.23122 0.33219 0.27308
0.29990 0.25467 0.17234 0.27309
0.17926 0.17598 0.53782 0.10695
0.13099 0.16872 0.56293 0.13736
0.35511 0.31022 0.10735 0.22733
0.25810 0.10328 0.53145 0.10717
0.28829 0.29692 0.13272 0.28206
0.19278 0.08063 0.64663 0.07996
0.09579 0.18735 0.08673 0.63013
0.69478 0.10273 0.10820 0.09428
0.09961 0.66021 0.10038 0.13981
0.21832 0.16834 0.22278 0.39055

>ZNF20 YWR_B_AffSeq_B1_ZNF20_F_f4
0.31826 0.27404 0.21270 0.19500
0.41003 0.18562 0.16538 0.23897
0.11486 0.09852 0.67425 0.11237
0.10127 0.10499 0.08305 0.71068
0.64124 0.08259 0.14306 0.13310
0.11206 0.61823 0.10172 0.16799
0.22740 0.12144 0.33108 0.32009
0.13937 0.49787 0.11657 0.24619
0.22601 0.11460 0.30979 0.34961
0.14533 0.58536 0.17130 0.09801
0.09833 0.52807 0.23097 0.14263
0.23247 0.17396 0.30151 0.29207
0.24552 0.36327 0.24207 0.14914
0.28110 0.31377 0.16936 0.23577
0.26838 0.18204 0.29950 0.25008
0.40709 0.19500 0.24614 0.15177
0.19151 0.21107 0.38588 0.21154

>ZNF251 THC_0445_f1
0.19671 0.16335 0.42674 0.21321
0.29697 0.24997 0.24413 0.20894
0.20999 0.28431 0.20404 0.30166
0.44989 0.19077 0.17681 0.18254
0.23712 0.33861 0.23020 0.19408
0.22951 0.25604 0.32610 0.18836
0.18041 0.12736 0.52592 0.16631
0.05806 0.66538 0.07669 0.19987
0.03971 0.02170 0.91406 0.02454
0.07023 0.47185 0.06935 0.38857
0.10918 0.21406 0.07817 0.59860
0.52299 0.11793 0.16444 0.19465
0.72952 0.11165 0.08410 0.07472
0.14618 0.30798 0.47367 0.07217
0.11175 0.38965 0.16318 0.33542
0.10359 0.09988 0.72127 0.07525
0.35250 0.40130 0.12174 0.12447
0.38496 0.17614 0.31359 0.12531
0.39012 0.27583 0.15793 0.17612
0.22157 0.28895 0.32340 0.16608

>ZNF251 THC_0445_f2
0.16752 0.32662 0.26801 0.23785
0.15552 0.15609 0.27359 0.41480
0.13918 0.32978 0.15012 0.38092
0.10378 0.11480 0.42120 0.36023
0.05781 0.79725 0.05467 0.09027
0.30688 0.12859 0.45787 0.10666
0.06991 0.50684 0.26526 0.15800
0.04257 0.06051 0.19216 0.70476
0.19440 0.17672 0.11077 0.51811
0.59269 0.09388 0.21711 0.09632
0.39402 0.06134 0.47102 0.07362
0.02782 0.90470 0.02492 0.04257
0.21579 0.07687 0.64145 0.06590
0.15406 0.52420 0.13043 0.19132
0.18110 0.34484 0.24414 0.22992
0.20068 0.22150 0.34336 0.23445
0.18297 0.16373 0.21371 0.43959
0.30081 0.18485 0.28978 0.22456
0.21046 0.25437 0.25874 0.27643
0.21581 0.41164 0.17164 0.20091

>ZNF251 THC_0445_f3
0.17162 0.09901 0.10231 0.62706
0.19472 0.10231 0.10231 0.60066
0.10561 0.00660 0.49505 0.39274
0.03300 0.91419 0.00330 0.04950
0.82178 0.06601 0.07921 0.03300
0.02640 0.73597 0.18812 0.04950
0.00660 0.00660 0.00660 0.98020
0.05611 0.01980 0.06271 0.86139
0.87459 0.00660 0.08251 0.03630
0.49505 0.00330 0.48515 0.01650
0.00330 0.99670 0.00000 0.00000
0.51155 0.01980 0.46205 0.00660
0.03960 0.90099 0.01980 0.03960
0.31683 0.49505 0.06601 0.12211
0.08581 0.30363 0.31023 0.30033
0.12871 0.04290 0.05281 0.77558
0.24422 0.26073 0.17822 0.31683
0.08911 0.27393 0.18152 0.45545
0.10561 0.68977 0.06271 0.14191
0.31683 0.31683 0.05611 0.31023
0.12871 0.32673 0.21452 0.33003

>ZNF251 THC_0445_f4
0.40167 0.17803 0.20818 0.21212
0.24483 0.29068 0.26110 0.20339
0.19575 0.26996 0.31303 0.22125
0.20017 0.14075 0.44895 0.21013
0.11232 0.56546 0.08133 0.24089
0.07370 0.07342 0.78690 0.06598
0.09583 0.41669 0.09812 0.38936
0.11370 0.22318 0.11108 0.55203
0.49386 0.13909 0.18743 0.17962
0.66845 0.12552 0.09328 0.11274
0.16656 0.32314 0.40843 0.10188
0.12088 0.38813 0.15261 0.33838
0.19343 0.08972 0.63039 0.08646
0.29651 0.38190 0.08793 0.23366
0.33484 0.19834 0.24833 0.21849
0.37330 0.20279 0.20379 0.22011
0.24429 0.31067 0.26073 0.18431
0.31497 0.24600 0.23656 0.20248
0.24965 0.27188 0.26520 0.21327
0.21937 0.24719 0.32080 0.21265

>ZNF286B YWR_A_TG40NTGATC_f1
0.10883 0.38223 0.10001 0.40894
0.12048 0.09282 0.62746 0.15923
0.08764 0.05866 0.77930 0.07440
0.07500 0.07321 0.54871 0.30309
0.59556 0.06009 0.10743 0.23691
0.50137 0.04889 0.39585 0.05389
0.11375 0.10027 0.62764 0.15834
0.05318 0.87898 0.03637 0.03148
0.03028 0.01872 0.02420 0.92679
0.01264 0.95886 0.00823 0.02027
0.77704 0.02587 0.18803 0.00906
